Recorded latencies [in milli seconds]:
Workload Type : workload_A
Request/ Invocation/ DB Operation Type : HTTP_load_form
Recorded completion times :
[496, 8, 19, 25, 12, 9, 8, 20, 17, 17, 13, 10, 17, 23, 18, 14, 18, 19, 14, 15, 15, 18, 13, 20, 17, 20, 17, 20, 17, 12, 25, 19, 17, 17, 16, 8, 22, 15, 21, 13, 23, 28, 19, 12, 13, 17, 15, 19, 8, 15, 18, 12, 14, 13, 22, 5, 20, 26, 12, 15, 17, 11, 13, 8, 4, 23, 14, 19, 16, 10, 13, 15, 16, 13, 15, 15, 8, 8, 14, 14, 20, 20, 16, 12, 18, 20, 15, 14, 14, 16, 22, 16, 13, 13, 14, 14, 8, 13, 17, 15, 15, 4, 4, 22, 3, 16, 18, 17, 15, 15, 16, 13, 13, 13, 21, 19, 8, 17, 19, 9, 8, 11, 15, 15, 22, 16, 14, 16, 19, 14, 13, 13, 7, 16, 19, 15, 16, 15, 18, 14, 14, 10, 13, 13, 16, 14, 7, 14, 13, 16, 18, 10, 14, 16, 12, 11, 9, 12, 17, 4, 24, 16, 14, 17, 13, 11, 13, 12, 15, 3, 3, 14, 4, 12, 13, 15, 15, 11, 12, 5, 3, 6, 12, 11, 11, 12, 14, 9, 11, 11, 12, 15, 4, 3, 10, 15, 10, 10, 10, 10, 12, 11, 11, 7, 10, 11, 10, 13, 12, 10, 11, 14, 14, 17, 11, 12, 3, 3, 8, 10, 10, 10, 11, 11, 17, 6, 5, 11, 9, 13, 10, 13, 7, 10, 16, 10, 10, 12, 10, 14, 10, 11, 10, 11, 10, 10, 10, 15, 13, 12, 9, 10, 10, 11, 13, 15, 4, 10, 10, 14, 11, 17, 9, 9, 10, 10, 10, 16, 10, 10, 8, 14, 11, 5, 6, 10, 14, 9, 10, 10, 12, 10, 11, 12, 9, 4, 6, 8, 9, 11, 10, 9, 10, 8, 9, 6, 6, 5, 11, 13, 11, 10, 13, 9, 10, 10, 8, 10, 2, 10, 9, 12, 9, 10, 9, 10, 8, 16, 15, 15, 13, 8, 8, 13, 8, 4, 8, 8, 11, 9, 21, 4, 3, 6, 14, 9, 9, 9, 9, 12, 9, 9, 11, 3, 7, 12, 9, 9, 8, 14, 7, 5, 6, 8, 11, 14, 13, 10, 9, 13, 8, 11, 12, 17, 16, 12, 7, 9, 9, 14, 13, 11, 9, 2, 4, 3, 3, 3, 8, 7, 7, 4, 3, 3, 7, 3, 2, 10, 11, 9, 9, 7, 10, 9, 8, 8, 12, 2, 9, 11, 2, 10, 10, 14, 8, 7, 11, 10, 6, 7, 9, 13, 9, 12, 11, 9, 15, 6, 10, 8, 10, 10, 15, 8, 9, 5, 2, 7, 11, 9, 14, 13, 10, 12, 9, 12, 9, 9, 4, 7, 10, 9, 9, 8, 8, 9, 12, 12, 19, 4, 12, 10, 9, 3, 2, 9, 9, 5, 3, 4, 4, 11, 4, 7, 4, 6, 16, 5, 9, 8, 7, 5, 4, 8, 7, 14, 3, 3, 3, 3, 6, 6, 2, 6, 6, 6, 9, 6, 6, 7, 8, 8, 6, 6, 8, 7, 6, 11, 8, 6]

Histogram Distribution : 
       Value     Percentile TotalCount 1/(1-Percentile)

       2.000 0.000000000000          8           1.00
       5.000 0.100000000000         58           1.11
       7.000 0.200000000000        100           1.25
       9.000 0.300000000000        188           1.43
      10.000 0.400000000000        247           1.67
      11.000 0.500000000000        285           2.00
      11.000 0.550000000000        285           2.22
      12.000 0.600000000000        318           2.50
      13.000 0.650000000000        354           2.86
      13.000 0.700000000000        354           3.33
      14.000 0.750000000000        387           4.00
      15.000 0.775000000000        416           4.44
      15.000 0.800000000000        416           5.00
      15.000 0.825000000000        416           5.71
      16.000 0.850000000000        437           6.67
      17.000 0.875000000000        456           8.00
      17.000 0.887500000000        456           8.89
      17.000 0.900000000000        456          10.00
      18.000 0.912500000000        464          11.43
      18.000 0.925000000000        464          13.33
      19.000 0.937500000000        475          16.00
      19.000 0.943750000000        475          17.78
      19.000 0.950000000000        475          20.00
      20.000 0.956250000000        483          22.86
      20.000 0.962500000000        483          26.67
      21.000 0.968750000000        486          32.00
      21.000 0.971875000000        486          35.56
      22.000 0.975000000000        491          40.00
      22.000 0.978125000000        491          45.71
      22.000 0.981250000000        491          53.33
      23.000 0.984375000000        494          64.00
      23.000 0.985937500000        494          71.11
      23.000 0.987500000000        494          80.00
      24.000 0.989062500000        495          91.43
      25.000 0.990625000000        497         106.67
      25.000 0.992187500000        497         128.00
      25.000 0.992968750000        497         142.22
      25.000 0.993750000000        497         160.00
      26.000 0.994531250000        498         182.86
      26.000 0.995312500000        498         213.33
      28.000 0.996093750000        499         256.00
      28.000 0.996484375000        499         284.44
      28.000 0.996875000000        499         320.00
      28.000 0.997265625000        499         365.71
      28.000 0.997656250000        499         426.67
     496.000 0.998046875000        500         512.00
     496.000 1.000000000000        500
#[Mean    =       12.076, StdDeviation   =       22.168]
#[Max     =      496.000, Total count    =          500]
#[Buckets =           20, SubBuckets     =         2048]

50th Percentile : 
11
90th Percentile : 
17
95th Percentile : 
19
99th Percentile : 
24
99.9th Percentile : 
496
99.99th Percentile : 
496
99.999th Percentile : 
496
