Recorded latencies [in milli seconds]:
Workload Type : workload_B
Request/ Invocation/ DB Operation Type : DB_saveCourse
Recorded completion times :
[63, 39, 78, 69, 42, 53, 45, 42, 91, 40, 50, 32, 150, 173, 36, 38, 30, 49, 78, 37, 39, 37, 37, 43, 40, 44, 46, 38, 29, 41, 38, 133, 43, 34, 46, 52, 51, 41, 49, 61, 51, 51, 42, 50, 39, 43, 43, 44, 48, 41, 48, 47, 37, 30, 39, 37, 38, 45, 46, 39, 67, 43, 59, 86, 60, 68, 81, 177, 52, 59, 63, 63, 51, 72, 47, 68, 63, 112, 51, 55, 56, 52, 52, 51, 69, 94, 55, 57, 59, 59, 65, 46, 52, 76, 41, 109, 44, 47, 48, 58, 70, 87, 107, 68, 41, 45, 43, 59, 60, 51, 47, 47, 49, 45, 56, 94, 55, 57, 91, 81, 46, 55, 44, 40, 53, 40, 36, 42, 30, 38, 42, 52, 34, 37, 38, 49, 34, 30, 177, 42, 36, 45, 49, 57, 39, 42, 52, 31, 40, 38, 49, 52, 63, 48, 54, 49, 47, 57, 44, 49, 55, 29, 35, 37, 34, 31, 37, 36, 33, 52, 35, 124, 30, 47, 37, 29, 37, 36, 38, 35, 47, 30, 41, 31, 47, 45, 51, 51, 47, 50, 47, 62, 141, 49, 39, 48, 50, 46, 30, 41, 66, 42, 37, 35, 42, 39, 37, 45, 40, 59, 46, 33, 40, 36, 37, 35, 39, 47, 39, 40, 125, 33, 39, 49, 38, 34, 61, 71, 65, 54, 40, 49, 49, 113, 104, 38, 33, 37, 35, 35, 34, 40, 44, 93, 35, 33, 37, 123, 31, 30, 50, 36, 37, 51, 41, 51, 70, 45, 32, 33, 31, 54, 51, 47, 63, 45, 41, 47, 45, 51, 50, 61, 48, 45, 53, 36, 44, 46, 39, 30, 55, 39, 40, 41, 76, 36, 46, 31, 29, 40, 35, 45, 169, 39, 32, 54, 30, 46, 53, 45, 41, 41, 49, 43, 52, 43, 50, 53, 45, 49, 43, 40, 71, 30, 43, 39, 84, 51, 36, 36, 38, 29, 31, 49, 35, 29, 46, 39, 40, 41, 36, 49, 62, 31, 48, 61, 51, 42, 46, 47, 45, 52, 44, 39, 53, 34, 51, 41, 55, 204, 162, 409, 418, 34, 41, 36, 34, 47, 49, 41, 176, 116, 103, 69, 62, 109, 145, 184, 65, 166, 76, 126, 80, 75, 71, 175, 68, 90, 75, 128, 75, 106, 78, 122, 216, 55, 65, 80, 59, 87, 87, 62, 90, 76, 77, 64, 92, 67, 161, 75, 106, 116, 101, 303, 179, 603, 415, 218, 207, 69, 344, 249, 241, 230, 288, 320, 205, 154, 73, 124, 48, 57, 53, 134, 43, 55, 71, 47, 43, 39, 46, 45, 40, 50, 49, 125, 45, 35, 49, 33, 34, 125, 32, 35, 43, 29, 36, 39, 30, 31, 53, 36, 37, 39, 61, 114, 80, 62, 49, 51, 50, 52, 54, 49, 88, 55, 46, 54, 111, 277, 41, 42, 30, 40, 29, 32, 31, 40, 38, 38, 32, 45, 32, 35, 37, 50, 31, 36, 37, 30, 31, 58, 39, 60, 49, 41, 49, 50, 51, 44]

Histogram Distribution : 
       Value     Percentile TotalCount 1/(1-Percentile)

      29.000 0.000000000000          8           1.00
      34.000 0.100000000000         58           1.11
      37.000 0.200000000000        106           1.25
      40.000 0.300000000000        157           1.43
      44.000 0.400000000000        208           1.67
      47.000 0.500000000000        257           2.00
      49.000 0.550000000000        288           2.22
      51.000 0.600000000000        317           2.50
      52.000 0.650000000000        329           2.86
      55.000 0.700000000000        353           3.33
      61.000 0.750000000000        377           4.00
      63.000 0.775000000000        388           4.44
      68.000 0.800000000000        400           5.00
      75.000 0.825000000000        416           5.71
      80.000 0.850000000000        427           6.67
      91.000 0.875000000000        439           8.00
     101.000 0.887500000000        444           8.89
     109.000 0.900000000000        451          10.00
     116.000 0.912500000000        457          11.43
     125.000 0.925000000000        464          13.33
     141.000 0.937500000000        469          16.00
     154.000 0.943750000000        472          17.78
     166.000 0.950000000000        475          20.00
     176.000 0.956250000000        479          22.86
     179.000 0.962500000000        482          26.67
     205.000 0.968750000000        485          32.00
     207.000 0.971875000000        486          35.56
     218.000 0.975000000000        488          40.00
     241.000 0.978125000000        490          45.71
     249.000 0.981250000000        491          53.33
     288.000 0.984375000000        493          64.00
     288.000 0.985937500000        493          71.11
     303.000 0.987500000000        494          80.00
     320.000 0.989062500000        495          91.43
     344.000 0.990625000000        496         106.67
     409.000 0.992187500000        497         128.00
     409.000 0.992968750000        497         142.22
     409.000 0.993750000000        497         160.00
     415.000 0.994531250000        498         182.86
     415.000 0.995312500000        498         213.33
     418.000 0.996093750000        499         256.00
     418.000 0.996484375000        499         284.44
     418.000 0.996875000000        499         320.00
     418.000 0.997265625000        499         365.71
     418.000 0.997656250000        499         426.67
     603.000 0.998046875000        500         512.00
     603.000 1.000000000000        500
#[Mean    =       63.436, StdDeviation   =       56.315]
#[Max     =      603.000, Total count    =          500]
#[Buckets =           20, SubBuckets     =         2048]

50th Percentile : 
47
90th Percentile : 
109
95th Percentile : 
166
99th Percentile : 
320
99.9th Percentile : 
603
99.99th Percentile : 
603
99.999th Percentile : 
603
