Recorded latencies [in milli seconds]:
Workload Type : workload_G
Request/ Invocation/ DB Operation Type : DB_getCourseById
Recorded completion times :
[123, 4, 2, 1, 3, 4, 3, 0, 1, 3, 3, 1, 3, 3, 1, 3, 2, 2, 3, 2, 3, 3, 1, 3, 3, 2, 3, 2, 3, 1, 2, 4, 2, 1, 3, 1, 3, 2, 2, 3, 7, 2, 3, 1, 2, 2, 2, 11, 5, 2, 5, 2, 0, 1, 1, 3, 2, 2, 2, 3, 6, 4, 3, 6, 1, 5, 3, 1, 5, 3, 2, 3, 3, 2, 3, 3, 3, 2, 3, 3, 4, 2, 2, 1, 2, 2, 2, 4, 2, 2, 3, 2, 3, 2, 1, 2, 3, 2, 2, 3, 3, 2, 3, 2, 3, 6, 2, 1, 1, 4, 0, 0, 3, 3, 1, 3, 2, 2, 2, 4, 6, 2, 2, 3, 5, 4, 2, 4, 2, 1, 2, 2, 3, 2, 3, 2, 3, 5, 1, 0, 0, 3, 2, 0, 2, 3, 1, 2, 2, 3, 3, 3, 3, 2, 2, 4, 9, 1, 2, 5, 1, 2, 1, 2, 2, 2, 2, 1, 2, 0, 2, 1, 1, 3, 3, 3, 3, 2, 3, 3, 1, 0, 2, 2, 3, 3, 2, 2, 3, 2, 3, 3, 1, 2, 2, 1, 1, 1, 1, 0, 1, 1, 2, 1, 2, 1, 1, 1, 1, 2, 4, 1, 1, 1, 1, 1, 3, 3, 2, 1, 3, 2, 2, 1, 2, 1, 1, 0, 1, 1, 2, 2, 2, 2, 1, 2, 1, 0, 2, 5, 2, 2, 1, 2, 2, 2, 2, 2, 1, 7, 1, 3, 2, 8, 4, 4, 2, 1, 2, 1, 1, 3, 1, 1, 1, 1, 1, 3, 2, 2, 2, 2, 1, 1, 6, 1, 4, 1, 4, 0, 2, 2, 1, 1, 2, 2, 2, 2, 2, 2, 3, 2, 2, 2, 2, 1, 3, 1, 6, 2, 2, 9, 1, 2, 4, 2, 2, 2, 2, 1, 3, 1, 2, 2, 4, 22, 1, 2, 6, 6, 3, 4, 1, 4, 4, 10, 2, 3, 8, 3, 11, 1, 4, 4, 2, 6, 1, 2, 4, 2, 0, 2, 1, 55, 1, 1, 2, 109, 2, 122, 0, 7, 1, 2, 89, 2, 3, 2, 3, 2, 3, 8, 1, 2, 3, 3, 1, 4, 2, 1, 4, 2, 2, 3, 3, 3, 2, 3, 5, 1, 1, 1, 1, 3, 1, 2, 3, 3, 1, 3, 2, 1, 3, 7, 6, 3, 2, 1, 1, 2, 2, 1, 1, 4, 1, 1, 5, 3, 6, 3, 6, 4, 3, 7, 15, 1, 4, 2, 1, 1, 2, 3, 2, 2, 3, 3, 1, 2, 6, 5, 3, 4, 24, 3, 2, 2, 3, 3, 3, 3, 3, 4, 3, 2, 2, 2, 1, 4, 1, 2, 5, 3, 3, 3, 2, 5, 1, 4, 3, 4, 3, 3, 3, 1, 2, 2, 1, 1, 2, 1, 3, 3, 2, 1, 2, 1, 3, 3, 1, 2, 3, 1, 2, 2, 2, 2, 3, 3]

Histogram Distribution : 
       Value     Percentile TotalCount 1/(1-Percentile)

       0.000 0.000000000000         15           1.00
       1.000 0.100000000000        129           1.11
       1.000 0.200000000000        129           1.25
       2.000 0.300000000000        291           1.43
       2.000 0.400000000000        291           1.67
       2.000 0.500000000000        291           2.00
       2.000 0.550000000000        291           2.22
       3.000 0.600000000000        407           2.50
       3.000 0.650000000000        407           2.86
       3.000 0.700000000000        407           3.33
       3.000 0.750000000000        407           4.00
       3.000 0.775000000000        407           4.44
       3.000 0.800000000000        407           5.00
       3.000 0.825000000000        407           5.71
       4.000 0.850000000000        441           6.67
       4.000 0.875000000000        441           8.00
       4.000 0.887500000000        441           8.89
       4.000 0.900000000000        441          10.00
       5.000 0.912500000000        454          11.43
       5.000 0.925000000000        454          13.33
       6.000 0.937500000000        467          16.00
       6.000 0.943750000000        467          17.78
       6.000 0.950000000000        467          20.00
       6.000 0.956250000000        467          22.86
       7.000 0.962500000000        472          26.67
       8.000 0.968750000000        475          32.00
       8.000 0.971875000000        475          35.56
       9.000 0.975000000000        477          40.00
      10.000 0.978125000000        478          45.71
      11.000 0.981250000000        480          53.33
      15.000 0.984375000000        481          64.00
      22.000 0.985937500000        482          71.11
      22.000 0.987500000000        482          80.00
      24.000 0.989062500000        483          91.43
      55.000 0.990625000000        484         106.67
      89.000 0.992187500000        485         128.00
      89.000 0.992968750000        485         142.22
      89.000 0.993750000000        485         160.00
     109.000 0.994531250000        486         182.86
     109.000 0.995312500000        486         213.33
     122.000 0.996093750000        487         256.00
     122.000 0.996484375000        487         284.44
     122.000 0.996875000000        487         320.00
     122.000 0.997265625000        487         365.71
     122.000 0.997656250000        487         426.67
     123.000 0.998046875000        488         512.00
     123.000 1.000000000000        488
#[Mean    =        3.551, StdDeviation   =       10.328]
#[Max     =      123.000, Total count    =          488]
#[Buckets =           20, SubBuckets     =         2048]

50th Percentile : 
2
90th Percentile : 
4
95th Percentile : 
6
99th Percentile : 
55
99.9th Percentile : 
123
99.99th Percentile : 
123
99.999th Percentile : 
123
