Recorded latencies [in milli seconds]:
Workload Type : workload_A
Request/ Invocation/ DB Operation Type : DB_saveCourse
Recorded completion times :
[36, 35, 57, 37, 30, 31, 36, 41, 32, 34, 29, 46, 41, 33, 39, 31, 32, 31, 31, 33, 38, 41, 44, 42, 43, 42, 62, 44, 48, 50, 26, 48, 43, 32, 50, 43, 30, 40, 38, 35, 30, 48, 32, 34, 37, 50, 30, 42, 319, 45, 183, 36, 37, 33, 30, 32, 52, 59, 47, 41, 44, 48, 44, 44, 42, 139, 45, 50, 44, 49, 35, 40, 49, 38, 30, 40, 30, 38, 34, 29, 36, 35, 31, 32, 43, 36, 129, 35, 31, 40, 121, 45, 38, 36, 44, 41, 68, 60, 427, 46, 49, 43, 44, 45, 44, 58, 50, 48, 44, 36, 41, 37, 38, 39, 31, 45, 34, 29, 37, 34, 36, 34, 36, 30, 35, 34, 47, 40, 35, 35, 48, 51, 46, 50, 50, 50, 41, 49, 43, 42, 46, 44, 57, 46, 34, 43, 33, 69, 51, 40, 72, 33, 33, 36, 30, 48, 40, 31, 50, 29, 46, 46, 31, 30, 37, 34, 51, 47, 62, 44, 46, 41, 41, 49, 48, 41, 48, 49, 45, 40, 41, 47, 53, 44, 31, 39, 128, 35, 38, 34, 37, 32, 37, 36, 38, 34, 36, 40, 32, 32, 31, 43, 33, 53, 32, 42, 32, 47, 37, 46, 65, 53, 42, 46, 40, 57, 42, 58, 48, 39, 60, 29, 38, 42, 50, 36, 38, 43, 30, 38, 29, 38, 30, 33, 37, 28, 45, 29, 41, 41, 32, 36, 32, 36, 38, 54, 30, 45, 43, 52, 44, 43, 50, 49, 41, 47, 42, 39, 34, 38, 39, 35, 47, 34, 32, 43, 29, 34, 120, 30, 51, 35, 30, 38, 35, 40, 39, 36, 35, 46, 32, 30, 41, 85, 46, 41, 48, 55, 47, 41, 58, 41, 41, 48, 37, 28, 38, 28, 30, 40, 37, 33, 72, 38, 29, 37, 37, 31, 124, 35, 33, 42, 43, 32, 50, 35, 37, 51, 31, 55, 47, 50, 39, 84, 46, 114, 49, 42, 40, 52, 37, 28, 35, 39, 32, 34, 33, 48, 33, 37, 32, 31, 50, 35, 33, 43, 32, 31, 53, 29, 39, 44, 38, 36, 43, 49, 44, 45, 99, 47, 49, 50, 45, 64, 45, 48, 40, 45, 64, 42, 47, 37, 37, 35, 41, 35, 54, 48, 29, 29, 43, 44, 34, 34, 47, 46, 314, 152, 86, 104, 62, 94, 116, 56, 113, 96, 101, 80, 87, 108, 97, 40, 32, 93, 69, 90, 94, 93, 144, 61, 80, 140, 74, 94, 82, 66, 244, 96, 95, 73, 54, 96, 86, 58, 113, 108, 87, 90, 54, 80, 90, 40, 109, 291, 206, 450, 505, 385, 438, 451, 232, 67, 215, 348, 233, 396, 329, 183, 159, 77, 78, 76, 82, 66, 80, 62, 107, 49, 43, 38, 54, 164, 56, 100, 58, 58, 61, 58, 31, 48, 93, 32, 31, 31, 35, 32, 66, 44, 50, 47, 44, 46, 47, 41, 41, 46, 49, 48]

Histogram Distribution : 
       Value     Percentile TotalCount 1/(1-Percentile)

      26.000 0.000000000000          1           1.00
      31.000 0.100000000000         52           1.11
      34.000 0.200000000000        104           1.25
      37.000 0.300000000000        160           1.43
      40.000 0.400000000000        205           1.67
      43.000 0.500000000000        257           2.00
      44.000 0.550000000000        276           2.22
      46.000 0.600000000000        304           2.50
      47.000 0.650000000000        318           2.86
      49.000 0.700000000000        347           3.33
      51.000 0.750000000000        368           4.00
      54.000 0.775000000000        380           4.44
      58.000 0.800000000000        394           5.00
      62.000 0.825000000000        403           5.71
      72.000 0.850000000000        415           6.67
      84.000 0.875000000000        427           8.00
      90.000 0.887500000000        435           8.89
      94.000 0.900000000000        441          10.00
      97.000 0.912500000000        446          11.43
     108.000 0.925000000000        453          13.33
     116.000 0.937500000000        458          16.00
     124.000 0.943750000000        461          17.78
     139.000 0.950000000000        464          20.00
     152.000 0.956250000000        467          22.86
     183.000 0.962500000000        471          26.67
     215.000 0.968750000000        473          32.00
     233.000 0.971875000000        475          35.56
     244.000 0.975000000000        476          40.00
     314.000 0.978125000000        478          45.71
     319.000 0.981250000000        479          53.33
     348.000 0.984375000000        481          64.00
     385.000 0.985937500000        482          71.11
     385.000 0.987500000000        482          80.00
     396.000 0.989062500000        483          91.43
     427.000 0.990625000000        484         106.67
     438.000 0.992187500000        485         128.00
     438.000 0.992968750000        485         142.22
     438.000 0.993750000000        485         160.00
     450.000 0.994531250000        486         182.86
     450.000 0.995312500000        486         213.33
     451.000 0.996093750000        487         256.00
     451.000 0.996484375000        487         284.44
     451.000 0.996875000000        487         320.00
     451.000 0.997265625000        487         365.71
     451.000 0.997656250000        487         426.67
     505.000 0.998046875000        488         512.00
     505.000 1.000000000000        488
#[Mean    =       59.186, StdDeviation   =       60.804]
#[Max     =      505.000, Total count    =          488]
#[Buckets =           20, SubBuckets     =         2048]

50th Percentile : 
43
90th Percentile : 
94
95th Percentile : 
139
99th Percentile : 
427
99.9th Percentile : 
505
99.99th Percentile : 
505
99.999th Percentile : 
505
