Recorded latencies [in milli seconds]:
Workload Type : workload_E
Request/ Invocation/ DB Operation Type : HTTP_delete
Recorded completion times :
[472, 68, 77, 62, 112, 74, 128, 356, 80, 121, 56, 57, 112, 82, 77, 86, 110, 68, 72, 92, 74, 86, 111, 77, 68, 113, 77, 76, 70, 140, 135, 152, 92, 70, 80, 97, 97, 69, 79, 113, 76, 75, 69, 64, 101, 67, 73, 107, 125, 64, 110, 79, 68, 68, 110, 65, 67, 118, 63, 78, 115, 93, 80, 89, 125, 87, 76, 131, 56, 80, 108, 90, 69, 109, 79, 91, 109, 68, 55, 107, 79, 60, 110, 81, 69, 98, 67, 65, 96, 62, 62, 100, 59, 67, 119, 72, 74, 107, 72, 90, 72, 74, 97, 64, 71, 132, 90, 56, 111, 79, 65, 100, 217, 404, 110, 70, 69, 100, 69, 63, 99, 79, 70, 109, 64, 55, 103, 72, 66, 107, 103, 54, 48, 109, 85, 66, 101, 158, 67, 129, 71, 69, 97, 75, 84, 118, 71, 56, 93, 61, 53, 81, 47, 48, 106, 60, 43, 97, 69, 63, 100, 75, 64, 104, 137, 88, 125, 64, 76, 81, 129, 87, 85, 109, 68, 57, 100, 62, 115, 57, 99, 71, 65, 100, 67, 57, 110, 65, 58, 101, 68, 93, 108, 76, 65, 97, 60, 54, 109, 69, 65, 115, 75, 79, 109, 70, 66, 106, 61, 68, 100, 78, 67, 101, 56, 58, 128, 72, 71, 93, 40, 45, 89, 149, 54, 96, 63, 55, 110, 57, 61, 106, 64, 68, 108, 75, 107, 118, 74, 88, 77, 152, 71, 77, 108, 92, 77, 96, 85, 74, 100, 84, 66, 154, 77, 60, 50, 109, 59, 57, 95, 148, 88, 96, 60, 78, 118, 71, 81, 138, 71, 72, 96, 56, 58, 106, 90, 89, 108, 61, 52, 102, 67, 54, 106, 64, 54, 102, 68, 113, 118, 68, 56, 96, 74, 98, 94, 70, 69, 107, 72, 66, 110, 68, 68, 107, 71, 70, 105, 79, 59, 121, 69, 54, 95, 59, 67, 101, 66, 62, 104, 56, 69, 98, 124, 55, 97, 72, 54, 143, 69, 67, 109, 69, 71, 123, 84, 79, 106, 68, 61, 140, 93, 47, 92, 60, 64, 100, 68, 55, 104, 65, 56, 98, 80, 54, 97, 67, 89, 93, 103, 55, 96, 72, 68, 108, 69, 89, 113, 76, 70, 105, 92, 79, 104, 69, 58, 110, 65, 84, 121, 67, 66, 78, 100, 56, 68, 93, 64, 54, 95, 61, 56, 109, 58, 56, 97, 68, 84, 99, 63, 68, 110, 67, 68, 110, 72, 74, 111, 68, 67, 108, 71, 65, 103, 64, 57, 95, 61, 77, 100, 74, 59, 97, 60, 54, 93, 65, 55, 111, 69, 66, 97, 58, 59, 163, 80, 68, 108, 68, 70, 116, 72, 90, 131, 67, 67, 109, 71, 61, 122, 125, 58, 96, 42, 85, 46, 89, 258, 81, 133, 133, 111, 111, 131, 144, 195, 90, 129, 144, 157, 60, 133, 150, 382, 545, 107, 157, 271, 101, 116, 133, 211, 90, 133, 91, 199, 121, 90, 89, 176, 97, 124, 143, 141, 207, 110, 87, 88, 149, 105, 126, 142, 177, 117, 113, 115, 135, 425, 312, 664, 1075, 593, 627, 688, 307, 481, 177, 197, 106, 186, 117, 112, 333, 167, 145, 362, 160, 341, 356, 81, 97, 70, 121, 211, 362, 270, 104, 120, 89, 118, 207, 97, 160, 85, 132, 92, 182, 89, 149, 335, 113, 113, 99, 90, 102, 154, 139, 104, 79, 148, 111, 176, 357, 527, 665, 381, 420, 775, 238, 500, 763, 378, 101, 69, 69, 46, 73, 71, 105, 41, 421, 73, 65, 77, 91, 70, 63, 57, 54, 57, 67, 55, 57, 53, 56, 68, 67, 85, 181, 67, 56, 62, 54, 42, 160, 199, 47, 34, 91, 138, 53, 45, 69, 76, 69, 343, 191, 57, 68, 165, 95, 74, 58, 55, 55, 59, 62, 58, 57, 51, 60, 54, 54, 43, 55, 195, 66, 74, 78, 54, 44, 60, 70, 73, 52, 65, 70, 75, 121, 78, 78, 90, 68, 78, 77, 69, 65, 54, 60, 52, 51, 49, 55, 58, 166, 67, 69, 67, 60, 73, 57, 55, 55, 68, 65, 77, 68, 70, 76, 78, 211, 178, 103, 76, 91, 117, 74, 141, 56, 64, 148, 89, 66, 66, 60, 64, 66, 68, 65, 58, 65, 69, 60, 49, 57, 71, 64, 109, 80, 77, 69, 75, 69, 71, 63, 55, 61, 157, 72, 99, 104, 74, 55, 68, 63, 59, 67, 65, 58, 66, 67, 57, 54, 96, 58, 57, 69, 67, 67, 78, 66, 55, 67, 61, 42, 70, 75, 77, 77, 163, 94, 80, 85, 83, 75, 82, 89, 73, 60, 68, 52, 47, 385, 59, 44, 48, 57, 72, 77, 69, 53, 54, 54, 61, 65, 57, 55, 46, 153, 79, 65, 75, 70, 66, 67, 71, 76, 79, 79, 67, 75, 53, 194, 131, 56, 55, 55, 57, 77, 59, 55, 56, 54, 102, 81, 67, 65, 70, 73, 70, 45, 53, 68, 65, 66, 78, 67, 67, 70, 80, 95, 78, 79, 66, 87, 70]

Histogram Distribution : 
       Value     Percentile TotalCount 1/(1-Percentile)

      34.000 0.000000000000          1           1.00
      56.000 0.100000000000         96           1.11
      62.000 0.200000000000        171           1.25
      67.000 0.300000000000        263           1.43
      70.000 0.400000000000        344           1.67
      76.000 0.500000000000        415           2.00
      79.000 0.550000000000        459           2.22
      88.000 0.600000000000        500           2.50
      93.000 0.650000000000        540           2.86
      99.000 0.700000000000        580           3.33
     106.000 0.750000000000        625           4.00
     108.000 0.775000000000        641           4.44
     110.000 0.800000000000        665           5.00
     115.000 0.825000000000        686           5.71
     121.000 0.850000000000        705           6.67
     132.000 0.875000000000        725           8.00
     138.000 0.887500000000        735           8.89
     144.000 0.900000000000        745          10.00
     152.000 0.912500000000        755          11.43
     160.000 0.925000000000        765          13.33
     181.000 0.937500000000        776          16.00
     195.000 0.943750000000        782          17.78
     207.000 0.950000000000        787          20.00
     217.000 0.956250000000        791          22.86
     307.000 0.962500000000        796          26.67
     356.000 0.968750000000        803          32.00
     357.000 0.971875000000        804          35.56
     378.000 0.975000000000        807          40.00
     382.000 0.978125000000        809          45.71
     420.000 0.981250000000        812          53.33
     472.000 0.984375000000        815          64.00
     481.000 0.985937500000        816          71.11
     500.000 0.987500000000        817          80.00
     527.000 0.989062500000        818          91.43
     593.000 0.990625000000        820         106.67
     627.000 0.992187500000        821         128.00
     664.000 0.992968750000        822         142.22
     664.000 0.993750000000        822         160.00
     665.000 0.994531250000        823         182.86
     688.000 0.995312500000        824         213.33
     688.000 0.996093750000        824         256.00
     763.000 0.996484375000        825         284.44
     763.000 0.996875000000        825         320.00
     763.000 0.997265625000        825         365.71
     775.000 0.997656250000        826         426.67
     775.000 0.998046875000        826         512.00
     775.000 0.998242187500        826         568.89
     775.000 0.998437500000        826         640.00
     775.000 0.998632812500        826         731.43
    1075.000 0.998828125000        827         853.33
    1075.000 1.000000000000        827
#[Mean    =      101.325, StdDeviation   =       89.292]
#[Max     =     1075.000, Total count    =          827]
#[Buckets =           20, SubBuckets     =         2048]

50th Percentile : 
76
90th Percentile : 
144
95th Percentile : 
207
99th Percentile : 
545
99.9th Percentile : 
1075
99.99th Percentile : 
1075
99.999th Percentile : 
1075
