Recorded latencies [in milli seconds]:
Workload Type : workload_A
Request/ Invocation/ DB Operation Type : HTTP_load_form
Recorded completion times :
[451, 11, 12, 11, 26, 23, 8, 11, 24, 15, 19, 16, 15, 20, 13, 20, 18, 14, 18, 6, 20, 17, 17, 18, 15, 5, 13, 13, 19, 14, 7, 18, 18, 16, 15, 15, 14, 20, 13, 18, 16, 20, 19, 17, 6, 24, 12, 5, 5, 9, 14, 21, 9, 10, 21, 16, 15, 12, 13, 15, 3, 9, 12, 21, 5, 16, 15, 27, 14, 11, 16, 19, 14, 14, 14, 13, 14, 14, 14, 13, 18, 15, 15, 9, 16, 23, 12, 11, 13, 15, 14, 17, 11, 6, 14, 27, 6, 13, 12, 13, 15, 13, 15, 7, 3, 15, 20, 13, 19, 11, 18, 11, 12, 11, 17, 5, 4, 16, 16, 11, 10, 10, 15, 11, 12, 14, 12, 15, 15, 11, 10, 10, 13, 16, 14, 12, 4, 9, 16, 13, 4, 14, 11, 11, 11, 11, 12, 12, 12, 12, 14, 12, 12, 9, 11, 11, 15, 8, 4, 4, 6, 6, 6, 13, 15, 9, 11, 11, 20, 3, 10, 4, 6, 10, 11, 13, 11, 13, 14, 10, 15, 4, 7, 11, 10, 10, 14, 8, 10, 9, 12, 12, 4, 5, 12, 10, 13, 8, 8, 11, 10, 7, 10, 21, 9, 8, 8, 11, 11, 15, 16, 10, 11, 13, 9, 10, 11, 10, 9, 10, 11, 15, 4, 8, 8, 9, 13, 15, 8, 11, 9, 10, 12, 10, 10, 10, 5, 9, 10, 11, 12, 11, 10, 12, 11, 9, 7, 10, 11, 10, 9, 10, 12, 11, 16, 12, 5, 4, 5, 6, 3, 4, 8, 8, 8, 5, 8, 8, 8, 11, 13, 14, 3, 8, 3, 8, 4, 8, 7, 10, 13, 9, 9, 10, 9, 11, 8, 12, 4, 8, 10, 14, 14, 8, 9, 10, 12, 10, 9, 8, 4, 8, 14, 13, 11, 12, 99, 10, 10, 8, 8, 7, 7, 20, 9, 8, 8, 10, 7, 12, 4, 11, 5, 8, 14, 13, 3, 3, 15, 13, 12, 4, 4, 4, 4, 4, 4, 4, 7, 3, 3, 4, 5, 5, 5, 4, 4, 5, 5, 4, 4, 11, 4, 9, 10, 6, 8, 6, 4, 6, 4, 7, 3, 4, 3, 2, 4, 8, 8, 7, 8, 8, 8, 7, 7, 10, 10, 7, 7, 9, 13, 3, 11, 10, 9, 5, 9, 8, 10, 7, 6, 7, 9, 10, 9, 7, 6, 3, 2, 9, 282, 3, 9, 9, 4, 9, 8, 13, 9, 6, 9, 10, 9, 4, 7, 6, 7, 9, 12, 8, 12, 12, 15, 3, 12, 12, 9, 10, 11, 9, 8, 9, 14, 15, 3, 3, 10, 10, 10, 10, 9, 9, 11, 15, 4, 5, 8, 7, 14, 7, 9, 9, 16, 3, 13, 11, 19, 9, 10, 9, 3, 7, 9, 10, 9, 8, 10, 10, 17, 10, 18, 10, 10, 10, 7, 4, 3, 3, 9, 8, 10, 8, 14, 8, 9, 9, 9, 9, 8, 9, 8, 8, 9, 9, 11, 9, 11, 4, 3, 8]

Histogram Distribution : 
       Value     Percentile TotalCount 1/(1-Percentile)

       2.000 0.000000000000          2           1.00
       4.000 0.100000000000         62           1.11
       7.000 0.200000000000        121           1.25
       8.000 0.300000000000        169           1.43
       9.000 0.400000000000        225           1.67
      10.000 0.500000000000        281           2.00
      10.000 0.550000000000        281           2.22
      11.000 0.600000000000        327           2.50
      11.000 0.650000000000        327           2.86
      12.000 0.700000000000        361           3.33
      13.000 0.750000000000        389           4.00
      13.000 0.775000000000        389           4.44
      14.000 0.800000000000        416           5.00
      14.000 0.825000000000        416           5.71
      15.000 0.850000000000        443           6.67
      15.000 0.875000000000        443           8.00
      16.000 0.887500000000        457           8.89
      16.000 0.900000000000        457          10.00
      16.000 0.912500000000        457          11.43
      17.000 0.925000000000        463          13.33
      18.000 0.937500000000        472          16.00
      18.000 0.943750000000        472          17.78
      19.000 0.950000000000        478          20.00
      20.000 0.956250000000        486          22.86
      20.000 0.962500000000        486          26.67
      20.000 0.968750000000        486          32.00
      20.000 0.971875000000        486          35.56
      21.000 0.975000000000        490          40.00
      21.000 0.978125000000        490          45.71
      23.000 0.981250000000        492          53.33
      24.000 0.984375000000        494          64.00
      24.000 0.985937500000        494          71.11
      24.000 0.987500000000        494          80.00
      26.000 0.989062500000        495          91.43
      27.000 0.990625000000        497         106.67
      27.000 0.992187500000        497         128.00
      27.000 0.992968750000        497         142.22
      27.000 0.993750000000        497         160.00
      99.000 0.994531250000        498         182.86
      99.000 0.995312500000        498         213.33
     282.000 0.996093750000        499         256.00
     282.000 0.996484375000        499         284.44
     282.000 0.996875000000        499         320.00
     282.000 0.997265625000        499         365.71
     282.000 0.997656250000        499         426.67
     451.000 0.998046875000        500         512.00
     451.000 1.000000000000        500
#[Mean    =       11.886, StdDeviation   =       23.859]
#[Max     =      451.000, Total count    =          500]
#[Buckets =           20, SubBuckets     =         2048]

50th Percentile : 
10
90th Percentile : 
16
95th Percentile : 
19
99th Percentile : 
26
99.9th Percentile : 
451
99.99th Percentile : 
451
99.999th Percentile : 
451
