Recorded latencies [in milli seconds]:
Workload Type : workload_B
Request/ Invocation/ DB Operation Type : SL_saveCourse
Recorded completion times :
[318, 44, 87, 86, 101, 64, 58, 97, 104, 58, 110, 49, 168, 196, 93, 58, 46, 66, 98, 65, 63, 51, 94, 63, 60, 65, 107, 60, 45, 61, 90, 153, 66, 59, 68, 71, 76, 57, 113, 90, 96, 60, 49, 104, 67, 60, 54, 55, 105, 61, 87, 66, 57, 86, 54, 55, 100, 71, 64, 47, 120, 62, 77, 147, 83, 83, 140, 196, 65, 119, 77, 73, 101, 86, 60, 130, 73, 122, 84, 117, 72, 71, 115, 67, 94, 111, 71, 118, 79, 72, 119, 65, 64, 130, 63, 132, 68, 66, 65, 125, 86, 107, 168, 87, 60, 101, 60, 74, 110, 61, 59, 96, 53, 50, 103, 100, 61, 105, 97, 91, 104, 70, 56, 93, 68, 61, 58, 68, 86, 51, 59, 110, 42, 43, 94, 64, 49, 80, 192, 65, 93, 65, 67, 72, 94, 59, 71, 90, 57, 54, 108, 74, 74, 102, 81, 65, 104, 78, 59, 107, 71, 38, 84, 44, 52, 90, 54, 52, 90, 68, 51, 141, 87, 63, 58, 85, 52, 53, 102, 51, 61, 93, 52, 36, 102, 68, 60, 112, 57, 64, 107, 88, 165, 65, 94, 60, 62, 91, 40, 55, 128, 55, 54, 94, 56, 54, 96, 61, 54, 134, 67, 50, 56, 93, 56, 48, 97, 62, 55, 93, 136, 47, 94, 63, 46, 82, 68, 81, 120, 65, 50, 111, 58, 123, 162, 53, 47, 93, 48, 49, 88, 55, 59, 158, 42, 38, 84, 131, 46, 88, 66, 52, 104, 65, 57, 71, 126, 59, 57, 45, 86, 71, 67, 103, 85, 61, 50, 99, 60, 73, 110, 74, 72, 99, 64, 54, 100, 51, 44, 82, 69, 53, 99, 56, 90, 90, 60, 45, 86, 56, 54, 104, 180, 56, 95, 71, 56, 100, 67, 64, 102, 56, 67, 99, 64, 58, 105, 68, 62, 132, 57, 63, 86, 80, 58, 56, 140, 68, 54, 91, 52, 37, 85, 65, 52, 84, 60, 53, 96, 56, 54, 107, 77, 45, 106, 79, 65, 104, 61, 59, 97, 68, 60, 93, 67, 56, 61, 97, 69, 222, 216, 424, 436, 97, 64, 42, 85, 54, 62, 99, 184, 134, 158, 88, 77, 162, 159, 208, 125, 197, 86, 178, 98, 91, 118, 182, 77, 146, 90, 148, 91, 166, 89, 134, 232, 113, 78, 91, 118, 103, 96, 75, 147, 89, 90, 120, 122, 79, 217, 92, 118, 175, 114, 316, 238, 620, 428, 276, 221, 82, 400, 269, 250, 281, 299, 333, 257, 165, 83, 182, 62, 70, 105, 150, 58, 110, 80, 67, 115, 53, 57, 91, 44, 55, 100, 138, 54, 84, 56, 44, 87, 136, 45, 89, 56, 34, 86, 50, 45, 81, 68, 47, 91, 49, 71, 308, 89, 241, 57, 69, 233, 227, 62, 68, 102, 76, 66, 72, 129, 296, 63, 56, 55, 54, 40, 49, 43, 58, 55, 54, 87, 60, 47, 53, 56, 65, 45, 55, 54, 43, 49, 73, 100, 78, 65, 62, 63, 76, 63, 57]

Histogram Distribution : 
       Value     Percentile TotalCount 1/(1-Percentile)

      34.000 0.000000000000          1           1.00
      51.000 0.100000000000         52           1.11
      56.000 0.200000000000        108           1.25
      60.000 0.300000000000        150           1.43
      65.000 0.400000000000        201           1.67
      73.000 0.500000000000        252           2.00
      81.000 0.550000000000        277           2.22
      86.000 0.600000000000        302           2.50
      90.000 0.650000000000        325           2.86
      95.000 0.700000000000        350           3.33
     101.000 0.750000000000        377           4.00
     104.000 0.775000000000        392           4.44
     107.000 0.800000000000        402           5.00
     113.000 0.825000000000        413           5.71
     120.000 0.850000000000        426           6.67
     132.000 0.875000000000        439           8.00
     136.000 0.887500000000        444           8.89
     147.000 0.900000000000        451          10.00
     159.000 0.912500000000        457          11.43
     168.000 0.925000000000        464          13.33
     182.000 0.937500000000        469          16.00
     196.000 0.943750000000        473          17.78
     208.000 0.950000000000        475          20.00
     222.000 0.956250000000        479          22.86
     233.000 0.962500000000        482          26.67
     250.000 0.968750000000        485          32.00
     257.000 0.971875000000        486          35.56
     276.000 0.975000000000        488          40.00
     296.000 0.978125000000        490          45.71
     299.000 0.981250000000        491          53.33
     316.000 0.984375000000        493          64.00
     316.000 0.985937500000        493          71.11
     318.000 0.987500000000        494          80.00
     333.000 0.989062500000        495          91.43
     400.000 0.990625000000        496         106.67
     424.000 0.992187500000        497         128.00
     424.000 0.992968750000        497         142.22
     424.000 0.993750000000        497         160.00
     428.000 0.994531250000        498         182.86
     428.000 0.995312500000        498         213.33
     436.000 0.996093750000        499         256.00
     436.000 0.996484375000        499         284.44
     436.000 0.996875000000        499         320.00
     436.000 0.997265625000        499         365.71
     436.000 0.997656250000        499         426.67
     620.000 0.998046875000        500         512.00
     620.000 1.000000000000        500
#[Mean    =       92.172, StdDeviation   =       61.074]
#[Max     =      620.000, Total count    =          500]
#[Buckets =           20, SubBuckets     =         2048]

50th Percentile : 
73
90th Percentile : 
147
95th Percentile : 
208
99th Percentile : 
333
99.9th Percentile : 
620
99.99th Percentile : 
620
99.999th Percentile : 
620
