Recorded latencies [in milli seconds]:
Workload Type : workload_A
Request/ Invocation/ DB Operation Type : DB_saveCourse
Recorded completion times :
[50, 41, 50, 53, 27, 48, 36, 32, 46, 35, 172, 49, 37, 34, 34, 34, 36, 40, 34, 28, 32, 35, 39, 34, 31, 28, 31, 41, 34, 28, 41, 52, 43, 43, 39, 91, 42, 56, 42, 182, 36, 47, 34, 34, 31, 38, 27, 32, 28, 31, 31, 31, 28, 33, 48, 33, 34, 29, 31, 47, 34, 29, 40, 47, 28, 38, 62, 52, 41, 40, 44, 44, 44, 57, 45, 43, 87, 45, 56, 32, 137, 32, 30, 35, 46, 125, 37, 32, 29, 36, 39, 35, 35, 36, 44, 48, 38, 30, 29, 36, 32, 31, 43, 38, 139, 41, 47, 48, 141, 42, 85, 49, 150, 49, 88, 40, 28, 41, 45, 35, 35, 30, 30, 29, 41, 38, 32, 38, 32, 29, 34, 42, 31, 39, 32, 29, 31, 46, 48, 49, 42, 44, 43, 40, 42, 48, 50, 36, 44, 48, 45, 48, 36, 36, 109, 38, 47, 46, 33, 28, 37, 34, 30, 49, 33, 40, 30, 34, 182, 35, 42, 32, 32, 51, 50, 50, 55, 41, 42, 57, 45, 41, 40, 48, 41, 43, 45, 41, 52, 33, 33, 36, 30, 130, 96, 29, 37, 33, 38, 57, 27, 54, 40, 35, 33, 33, 37, 53, 30, 61, 42, 51, 50, 50, 42, 45, 42, 51, 46, 48, 40, 47, 39, 44, 48, 38, 39, 33, 38, 33, 35, 33, 45, 31, 40, 42, 103, 38, 31, 38, 107, 436, 30, 47, 43, 49, 49, 44, 44, 45, 49, 43, 43, 49, 147, 50, 43, 44, 38, 40, 79, 34, 42, 60, 54, 212, 75, 52, 122, 58, 75, 101, 132, 240, 81, 101, 71, 118, 40, 31, 90, 153, 59, 197, 213, 103, 84, 73, 257, 67, 91, 90, 101, 78, 70, 165, 62, 109, 71, 93, 87, 78, 65, 257, 65, 61, 121, 268, 531, 602, 494, 235, 266, 405, 374, 450, 816, 170, 351, 113, 150, 46, 149, 106, 73, 148, 59, 88, 66, 74, 30, 44, 50, 33, 135, 47, 39, 41, 35, 54, 127, 32, 46, 46, 34, 46, 46, 44, 55, 73, 194, 34, 59, 133, 59, 56, 34, 39, 38, 35, 33, 37, 34, 31, 127, 29, 36, 27, 37, 34, 35, 30, 34, 44, 160, 48, 34, 33, 39, 32, 37, 32, 47, 46, 42, 65, 45, 46, 42, 48, 43, 216, 257, 98, 299, 214, 204, 278, 311, 200, 555, 293, 516, 184, 365, 519, 247, 52, 46, 44, 51, 43, 62, 64, 78, 52, 76, 32, 33, 30, 35, 40, 29, 33, 49, 34, 35, 33, 41, 37, 32, 35, 47, 32, 35, 43, 181, 47, 69, 49, 47, 45, 48, 46, 43, 52, 45, 139, 33, 35, 42, 32, 39, 47, 35, 33, 36, 39, 40, 49, 40, 129, 32, 37, 57, 32, 49, 44, 45, 44, 45, 44, 47, 47, 42, 45, 43, 42, 91, 42, 55, 48, 35, 42, 45, 43, 47, 29, 36, 146, 34]

Histogram Distribution : 
       Value     Percentile TotalCount 1/(1-Percentile)

      27.000 0.000000000000          4           1.00
      32.000 0.100000000000         70           1.11
      34.000 0.200000000000        113           1.25
      37.000 0.300000000000        156           1.43
      41.000 0.400000000000        209           1.67
      44.000 0.500000000000        262           2.00
      45.000 0.550000000000        278           2.22
      47.000 0.600000000000        308           2.50
      48.000 0.650000000000        323           2.86
      50.000 0.700000000000        345           3.33
      57.000 0.750000000000        371           4.00
      62.000 0.775000000000        382           4.44
      73.000 0.800000000000        395           5.00
      85.000 0.825000000000        406           5.71
      98.000 0.850000000000        418           6.67
     121.000 0.875000000000        430           8.00
     130.000 0.887500000000        436           8.89
     139.000 0.900000000000        442          10.00
     150.000 0.912500000000        449          11.43
     181.000 0.925000000000        455          13.33
     200.000 0.937500000000        461          16.00
     213.000 0.943750000000        464          17.78
     235.000 0.950000000000        467          20.00
     257.000 0.956250000000        472          22.86
     266.000 0.962500000000        473          26.67
     293.000 0.968750000000        476          32.00
     311.000 0.971875000000        478          35.56
     351.000 0.975000000000        479          40.00
     374.000 0.978125000000        481          45.71
     405.000 0.981250000000        482          53.33
     450.000 0.984375000000        484          64.00
     494.000 0.985937500000        485          71.11
     494.000 0.987500000000        485          80.00
     516.000 0.989062500000        486          91.43
     519.000 0.990625000000        487         106.67
     531.000 0.992187500000        488         128.00
     531.000 0.992968750000        488         142.22
     531.000 0.993750000000        488         160.00
     555.000 0.994531250000        489         182.86
     555.000 0.995312500000        489         213.33
     602.000 0.996093750000        490         256.00
     602.000 0.996484375000        490         284.44
     602.000 0.996875000000        490         320.00
     602.000 0.997265625000        490         365.71
     602.000 0.997656250000        490         426.67
     816.000 0.998046875000        491         512.00
     816.000 1.000000000000        491
#[Mean    =       71.310, StdDeviation   =       86.832]
#[Max     =      816.000, Total count    =          491]
#[Buckets =           20, SubBuckets     =         2048]

50th Percentile : 
44
90th Percentile : 
139
95th Percentile : 
235
99th Percentile : 
519
99.9th Percentile : 
816
99.99th Percentile : 
816
99.999th Percentile : 
816
