Recorded latencies [in milli seconds]:
Workload Type : workload_B
Request/ Invocation/ DB Operation Type : DB_saveCourse
Recorded completion times :
[46, 46, 59, 63, 40, 44, 47, 33, 28, 40, 33, 32, 30, 35, 41, 37, 36, 37, 37, 37, 35, 38, 37, 38, 50, 41, 39, 36, 30, 79, 58, 38, 35, 44, 62, 41, 52, 40, 44, 43, 53, 42, 48, 43, 46, 38, 35, 48, 30, 34, 38, 37, 37, 51, 34, 33, 29, 35, 37, 39, 31, 45, 38, 36, 46, 34, 40, 38, 46, 89, 48, 91, 42, 46, 47, 158, 72, 43, 40, 47, 40, 41, 30, 33, 72, 47, 34, 52, 33, 33, 30, 48, 137, 511, 38, 32, 31, 41, 29, 32, 54, 32, 31, 51, 34, 48, 34, 50, 42, 63, 43, 49, 54, 52, 59, 66, 43, 42, 41, 31, 29, 35, 50, 37, 34, 30, 123, 36, 30, 30, 44, 52, 29, 40, 41, 33, 70, 28, 33, 61, 33, 61, 40, 41, 46, 48, 54, 49, 73, 45, 41, 48, 33, 48, 49, 62, 45, 32, 34, 35, 32, 39, 49, 32, 35, 38, 43, 36, 32, 81, 35, 29, 42, 38, 37, 33, 60, 102, 153, 41, 44, 47, 40, 61, 46, 48, 63, 47, 47, 32, 48, 47, 49, 48, 34, 38, 30, 63, 48, 36, 37, 30, 33, 34, 47, 30, 64, 56, 40, 33, 38, 34, 37, 46, 41, 48, 44, 41, 40, 39, 50, 43, 59, 46, 50, 62, 41, 40, 32, 35, 34, 50, 35, 31, 44, 31, 37, 47, 31, 29, 40, 29, 39, 45, 30, 103, 35, 40, 32, 30, 55, 49, 47, 59, 61, 43, 37, 47, 43, 65, 42, 48, 45, 51, 47, 40, 44, 32, 34, 52, 30, 37, 35, 32, 30, 37, 39, 31, 43, 38, 31, 33, 32, 32, 55, 31, 31, 57, 43, 41, 45, 41, 45, 48, 43, 42, 55, 40, 41, 133, 53, 48, 43, 40, 42, 35, 36, 35, 35, 37, 37, 36, 37, 31, 51, 55, 33, 40, 35, 42, 40, 34, 29, 40, 40, 76, 45, 56, 46, 49, 56, 79, 46, 57, 51, 40, 40, 44, 48, 44, 29, 33, 51, 39, 36, 51, 38, 39, 40, 32, 38, 46, 30, 30, 52, 37, 34, 51, 41, 38, 35, 30, 29, 45, 86, 50, 47, 43, 47, 31, 42, 47, 52, 39, 46, 57, 38, 36, 34, 39, 189, 63, 101, 47, 28, 119, 126, 114, 66, 91, 139, 50, 109, 80, 84, 106, 63, 68, 95, 65, 134, 77, 68, 150, 71, 40, 84, 33, 82, 74, 62, 139, 77, 74, 79, 72, 60, 138, 101, 67, 227, 85, 83, 86, 101, 84, 71, 135, 640, 240, 78, 74, 82, 97, 74, 97, 65, 95, 80, 126, 360, 361, 610, 429, 389, 692, 595, 607, 355, 120, 100, 160, 150, 190, 130, 139, 127, 218, 143, 152, 48, 297, 90, 78, 70, 739, 543, 118, 241, 44, 92, 82, 128, 62, 112, 159, 61, 102, 101, 90, 99, 99, 171, 61, 55, 57, 72, 67, 95, 138, 106, 130, 211, 324, 491, 559, 352, 300, 287, 364]

Histogram Distribution : 
       Value     Percentile TotalCount 1/(1-Percentile)

      28.000 0.000000000000          3           1.00
      32.000 0.100000000000         60           1.11
      35.000 0.200000000000        111           1.25
      38.000 0.300000000000        158           1.43
      41.000 0.400000000000        210           1.67
      45.000 0.500000000000        254           2.00
      47.000 0.550000000000        285           2.22
      48.000 0.600000000000        303           2.50
      51.000 0.650000000000        326           2.86
      57.000 0.700000000000        350           3.33
      64.000 0.750000000000        375           4.00
      71.000 0.775000000000        388           4.44
      77.000 0.800000000000        400           5.00
      84.000 0.825000000000        415           5.71
      95.000 0.850000000000        427           6.67
     102.000 0.875000000000        438           8.00
     114.000 0.887500000000        444           8.89
     126.000 0.900000000000        450          10.00
     135.000 0.912500000000        457          11.43
     139.000 0.925000000000        463          13.33
     158.000 0.937500000000        469          16.00
     171.000 0.943750000000        472          17.78
     211.000 0.950000000000        475          20.00
     241.000 0.956250000000        479          22.86
     300.000 0.962500000000        482          26.67
     355.000 0.968750000000        485          32.00
     360.000 0.971875000000        486          35.56
     364.000 0.975000000000        488          40.00
     429.000 0.978125000000        490          45.71
     491.000 0.981250000000        491          53.33
     543.000 0.984375000000        493          64.00
     543.000 0.985937500000        493          71.11
     559.000 0.987500000000        494          80.00
     595.000 0.989062500000        495          91.43
     607.000 0.990625000000        496         106.67
     610.000 0.992187500000        497         128.00
     610.000 0.992968750000        497         142.22
     610.000 0.993750000000        497         160.00
     640.000 0.994531250000        498         182.86
     640.000 0.995312500000        498         213.33
     692.000 0.996093750000        499         256.00
     692.000 0.996484375000        499         284.44
     692.000 0.996875000000        499         320.00
     692.000 0.997265625000        499         365.71
     692.000 0.997656250000        499         426.67
     739.000 0.998046875000        500         512.00
     739.000 1.000000000000        500
#[Mean    =       73.226, StdDeviation   =       93.311]
#[Max     =      739.000, Total count    =          500]
#[Buckets =           20, SubBuckets     =         2048]

50th Percentile : 
45
90th Percentile : 
126
95th Percentile : 
211
99th Percentile : 
595
99.9th Percentile : 
739
99.99th Percentile : 
739
99.999th Percentile : 
739
