Recorded latencies [in milli seconds]:
Workload Type : workload_H
Request/ Invocation/ DB Operation Type : HTTP_delete
Recorded completion times :
[73, 67, 65, 68, 40, 46, 46, 44, 45, 67, 58, 64, 65, 67, 59, 126, 52, 57, 55, 65, 59, 58, 58, 59, 68, 76, 69, 55, 55, 66, 70, 57, 57, 89, 58, 60, 56, 56, 55, 57, 66, 77, 85, 92, 89, 77, 65, 66, 57, 43, 56, 54, 57, 238, 56, 65, 97, 145, 95, 84, 109, 298, 251, 116, 56, 43, 97, 102, 97, 101, 88, 121, 102, 112, 93, 96, 108, 115, 130, 123, 124, 90, 316, 663, 477, 443, 431, 225, 516, 314, 307, 341, 657, 547, 362, 430, 146, 401, 357, 70, 68, 133, 56, 92, 99, 68, 65, 67, 60, 50, 55, 56, 56, 73, 33, 51, 47, 44, 60, 65, 67, 64, 54, 71, 66, 54, 54, 44, 52, 57, 60, 45, 46, 58, 55, 56, 97, 52, 72, 44, 56, 59, 53, 57, 55, 57, 64, 54, 57, 54, 38, 59, 67, 57, 45, 37, 58, 58, 55, 56, 55, 57, 55, 77, 59, 53, 55, 56, 70, 66, 68, 65, 67, 89, 96, 55, 58, 71, 39, 57, 56, 52, 54, 54, 52, 46, 67, 65, 66, 53, 57, 64, 57, 50, 101, 55, 60, 53, 58, 53, 71, 66, 65, 70, 68, 70, 74, 86, 56, 57, 55, 59, 102, 53, 56, 55, 58, 59, 62, 66, 68, 68, 66, 66, 51, 55, 54, 60, 54, 54, 46, 59, 100, 67, 90, 67, 68, 65, 62, 67, 48, 56, 53, 59, 59, 70, 50, 54, 55, 67, 54, 82, 68, 67, 64, 76, 54, 56, 40, 48, 33, 51, 55, 56, 53, 89, 66, 66, 66, 86, 111, 63, 58, 56, 56, 54, 57, 56, 56, 41, 62, 156, 66, 67, 66, 68, 61, 67, 67, 377, 41, 56, 54, 56, 45, 77, 57, 98, 66, 65, 70, 66, 55, 44, 34, 33, 34, 34, 42, 133, 161, 104, 106, 83, 53, 63, 99, 104, 55, 66, 102, 79, 67, 89, 53, 59, 54, 56, 57, 63, 50, 68, 76, 59, 99, 58, 59, 117, 111, 113, 120, 213, 81, 105, 130, 139, 147, 147, 127, 115, 125, 118, 144, 121, 80, 127, 132, 232, 117, 84, 91, 93, 111, 118, 87, 94, 105, 100, 119, 104, 80, 144, 206, 216, 220, 543, 485, 368, 319, 590, 206, 530, 480, 373, 260, 330, 101, 74, 85, 87, 78, 110, 128, 86, 101, 84, 114, 236, 139, 99, 116, 132, 263, 94, 107, 52, 63, 65, 67, 71, 79, 57, 55, 39, 44, 55, 109, 55, 69, 53, 57, 52, 54, 45, 59, 80, 59, 57, 57, 62, 40, 39, 45, 55, 53, 111, 57, 57, 66, 68, 70, 66, 67, 56, 54, 49, 47, 53, 46, 66, 67, 119, 56, 56, 75, 65, 60, 69, 67, 69, 64, 64, 33, 49, 55, 56, 54, 61, 54, 59, 37, 63, 58, 112, 65, 61, 66, 84, 34, 57, 58, 43, 40, 56, 54, 57, 55, 71, 68, 64, 54, 67, 122, 69, 67, 55, 57, 64, 44, 54]

Histogram Distribution : 
       Value     Percentile TotalCount 1/(1-Percentile)

      33.000 0.000000000000          4           1.00
      50.000 0.100000000000         53           1.11
      54.000 0.200000000000        100           1.25
      56.000 0.300000000000        157           1.43
      59.000 0.400000000000        216           1.67
      65.000 0.500000000000        259           2.00
      66.000 0.550000000000        281           2.22
      67.000 0.600000000000        304           2.50
      70.000 0.650000000000        331           2.86
      78.000 0.700000000000        350           3.33
      89.000 0.750000000000        375           4.00
      97.000 0.775000000000        391           4.44
     101.000 0.800000000000        402           5.00
     107.000 0.825000000000        413           5.71
     114.000 0.850000000000        425           6.67
     121.000 0.875000000000        438           8.00
     127.000 0.887500000000        445           8.89
     132.000 0.900000000000        450          10.00
     145.000 0.912500000000        457          11.43
     206.000 0.925000000000        464          13.33
     232.000 0.937500000000        469          16.00
     251.000 0.943750000000        472          17.78
     298.000 0.950000000000        475          20.00
     319.000 0.956250000000        479          22.86
     357.000 0.962500000000        482          26.67
     373.000 0.968750000000        485          32.00
     377.000 0.971875000000        486          35.56
     430.000 0.975000000000        488          40.00
     443.000 0.978125000000        490          45.71
     477.000 0.981250000000        491          53.33
     485.000 0.984375000000        493          64.00
     485.000 0.985937500000        493          71.11
     516.000 0.987500000000        494          80.00
     530.000 0.989062500000        495          91.43
     543.000 0.990625000000        496         106.67
     547.000 0.992187500000        497         128.00
     547.000 0.992968750000        497         142.22
     547.000 0.993750000000        497         160.00
     590.000 0.994531250000        498         182.86
     590.000 0.995312500000        498         213.33
     657.000 0.996093750000        499         256.00
     657.000 0.996484375000        499         284.44
     657.000 0.996875000000        499         320.00
     657.000 0.997265625000        499         365.71
     657.000 0.997656250000        499         426.67
     663.000 0.998046875000        500         512.00
     663.000 1.000000000000        500
#[Mean    =       92.622, StdDeviation   =       89.966]
#[Max     =      663.000, Total count    =          500]
#[Buckets =           20, SubBuckets     =         2048]

50th Percentile : 
65
90th Percentile : 
132
95th Percentile : 
298
99th Percentile : 
530
99.9th Percentile : 
663
99.99th Percentile : 
663
99.999th Percentile : 
663
