Recorded latencies [in milli seconds]:
Workload Type : workload_D
Request/ Invocation/ DB Operation Type : DB_saveCourse
Recorded completion times :
[67, 392, 73, 46, 48, 39, 150, 53, 45, 51, 55, 32, 127, 43, 43, 126, 51, 38, 49, 30, 44, 41, 40, 36, 35, 70, 94, 148, 68, 45, 37, 52, 56, 45, 63, 45, 64, 59, 34, 47, 58, 50, 43, 38, 82, 33, 50, 30, 36, 38, 50, 32, 34, 34, 29, 46, 37, 41, 50, 41, 49, 62, 49, 42, 46, 54, 42, 50, 64, 58, 46, 31, 44, 34, 42, 36, 47, 40, 32, 33, 51, 42, 46, 58, 125, 41, 36, 34, 28, 40, 65, 46, 52, 58, 52, 59, 43, 47, 31, 46, 37, 41, 35, 32, 37, 124, 39, 40, 46, 46, 32, 29, 36, 42, 33, 54, 30, 62, 47, 48, 45, 42, 52, 48, 51, 46, 52, 43, 46, 40, 38, 32, 30, 44, 30, 43, 58, 33, 39, 32, 129, 40, 27, 42, 35, 28, 41, 39, 48, 49, 43, 42, 42, 49, 40, 134, 94, 48, 28, 46, 50, 34, 31, 32, 54, 37, 55, 47, 44, 30, 37, 49, 40, 76, 101, 76, 64, 68, 81, 68, 55, 69, 42, 72, 388, 543, 100, 47, 45, 39, 43, 51, 47, 56, 63, 45, 58, 76, 51, 65, 63, 109, 76, 48, 38, 42, 72, 63, 99, 66, 146, 35, 58, 55, 93, 82, 88, 137, 103, 84, 134, 54, 53, 65, 49, 101, 35, 42, 56, 36, 36, 121, 41, 37, 40, 33, 38, 35, 29, 63, 53, 53, 43, 101, 60, 137, 58, 31, 34, 40, 54, 50, 143, 115, 109, 98, 355, 705, 74, 90, 127, 150, 70, 93, 79, 94, 136, 90, 78, 98, 152, 148, 121, 83, 59, 278, 121, 90, 71, 82, 109, 88, 54, 68, 226, 85, 67, 88, 62, 85, 95, 113, 198, 418, 140, 110, 241, 370, 288, 368, 571, 289, 337, 474, 490, 358, 462, 404, 331, 387, 723, 556, 289, 244, 441, 223, 403, 317, 300, 441, 326, 479, 93, 102, 143, 214, 37, 41, 40, 40, 29, 34, 166, 45, 47, 30, 37, 45, 146, 39, 45, 40, 52, 53, 50, 94, 51, 45, 36, 31, 131, 37, 32, 30, 37, 31, 31, 35, 28, 78, 48, 41, 43, 44, 46, 45, 93, 50, 45, 55, 60, 43, 35, 36, 44, 32, 30, 43, 32, 56, 34, 29, 30, 102, 45, 43, 47, 43, 41, 45, 50, 47, 45, 35, 29, 28, 42, 32, 38, 32, 45, 35, 31, 35, 48, 36, 38, 44, 44, 34, 46, 36, 31, 51, 49, 38, 39, 41, 30, 30, 31, 34, 87, 39, 40, 46, 52, 41, 43, 48, 49, 44, 51, 47, 43, 49, 58, 45, 40, 40, 42, 146, 39, 37, 35, 35, 48, 57, 39, 51, 31, 61, 41, 59, 56, 49, 59, 42, 41, 42, 59, 49, 46, 48, 34, 41, 45, 46, 51, 33, 34, 45, 66, 40, 51, 29, 35, 47, 40, 44, 48, 44, 46, 48, 33, 31, 56, 42, 29, 32, 37, 43, 34, 46, 46, 35, 38, 49, 47, 29]

Histogram Distribution : 
       Value     Percentile TotalCount 1/(1-Percentile)

      27.000 0.000000000000          1           1.00
      32.000 0.100000000000         53           1.11
      36.000 0.200000000000        100           1.25
      40.000 0.300000000000        151           1.43
      43.000 0.400000000000        200           1.67
      46.000 0.500000000000        251           2.00
      48.000 0.550000000000        277           2.22
      50.000 0.600000000000        300           2.50
      54.000 0.650000000000        330           2.86
      58.000 0.700000000000        351           3.33
      66.000 0.750000000000        376           4.00
      72.000 0.775000000000        388           4.44
      82.000 0.800000000000        401           5.00
      93.000 0.825000000000        416           5.71
     100.000 0.850000000000        425           6.67
     121.000 0.875000000000        440           8.00
     127.000 0.887500000000        445           8.89
     136.000 0.900000000000        450          10.00
     146.000 0.912500000000        458          11.43
     152.000 0.925000000000        463          13.33
     241.000 0.937500000000        469          16.00
     288.000 0.943750000000        472          17.78
     300.000 0.950000000000        475          20.00
     337.000 0.956250000000        479          22.86
     368.000 0.962500000000        482          26.67
     388.000 0.968750000000        485          32.00
     392.000 0.971875000000        486          35.56
     404.000 0.975000000000        488          40.00
     441.000 0.978125000000        491          45.71
     441.000 0.981250000000        491          53.33
     474.000 0.984375000000        493          64.00
     474.000 0.985937500000        493          71.11
     479.000 0.987500000000        494          80.00
     490.000 0.989062500000        495          91.43
     543.000 0.990625000000        496         106.67
     556.000 0.992187500000        497         128.00
     556.000 0.992968750000        497         142.22
     556.000 0.993750000000        497         160.00
     571.000 0.994531250000        498         182.86
     571.000 0.995312500000        498         213.33
     705.000 0.996093750000        499         256.00
     705.000 0.996484375000        499         284.44
     705.000 0.996875000000        499         320.00
     705.000 0.997265625000        499         365.71
     705.000 0.997656250000        499         426.67
     723.000 0.998046875000        500         512.00
     723.000 1.000000000000        500
#[Mean    =       78.208, StdDeviation   =       95.281]
#[Max     =      723.000, Total count    =          500]
#[Buckets =           20, SubBuckets     =         2048]

50th Percentile : 
46
90th Percentile : 
136
95th Percentile : 
300
99th Percentile : 
490
99.9th Percentile : 
723
99.99th Percentile : 
723
99.999th Percentile : 
723
