Recorded latencies [in milli seconds]:
Workload Type : workload_F
Request/ Invocation/ DB Operation Type : DB_saveCourse
Recorded completion times :
[77, 44, 88, 37, 32, 50, 35, 48, 44, 42, 45, 43, 45, 43, 27, 47, 81, 46, 29, 45, 37, 30, 39, 37, 36, 48, 39, 37, 40, 29, 37, 38, 39, 36, 47, 32, 45, 43, 53, 41, 33, 37, 37, 32, 47, 47, 60, 44, 51, 44, 43, 53, 49, 45, 69, 45, 39, 101, 28, 31, 29, 30, 43, 36, 37, 30, 35, 38, 49, 34, 36, 30, 46, 38, 35, 39, 33, 35, 47, 39, 45, 33, 41, 41, 39, 46, 44, 48, 47, 49, 54, 43, 50, 41, 27, 47, 48, 71, 37, 57, 49, 37, 33, 65, 44, 37, 43, 37, 36, 51, 32, 35, 43, 32, 73, 42, 32, 36, 48, 43, 61, 51, 51, 48, 60, 42, 50, 131, 44, 41, 40, 58, 48, 40, 95, 35, 35, 39, 32, 38, 45, 38, 31, 38, 33, 29, 49, 35, 34, 44, 34, 32, 47, 35, 33, 51, 47, 54, 46, 46, 48, 66, 44, 53, 44, 50, 38, 41, 49, 38, 43, 45, 38, 55, 33, 81, 56, 32, 30, 44, 36, 38, 48, 45, 49, 37, 52, 28, 31, 47, 42, 42, 62, 45, 48, 41, 41, 50, 42, 50, 51, 51, 48, 45, 48, 57, 47, 41, 56, 36, 36, 53, 29, 36, 41, 39, 93, 94, 35, 38, 47, 34, 29, 42, 38, 32, 44, 37, 29, 78, 43, 39, 60, 48, 44, 47, 44, 41, 48, 45, 51, 63, 50, 48, 61, 52, 32, 36, 38, 40, 52, 37, 40, 53, 31, 52, 48, 31, 40, 38, 35, 40, 38, 45, 39, 30, 58, 45, 40, 65, 40, 50, 45, 43, 69, 50, 47, 46, 60, 48, 52, 55, 48, 35, 38, 50, 289, 63, 42, 30, 29, 51, 36, 36, 48, 38, 35, 34, 43, 45, 38, 40, 29, 30, 53, 33, 41, 55, 42, 45, 62, 48, 47, 138, 51, 44, 52, 48, 33, 44, 37, 38, 48, 30, 37, 33, 39, 31, 74, 39, 34, 42, 29, 38, 37, 32, 42, 117, 35, 35, 45, 34, 38, 127, 40, 42, 50, 49, 48, 53, 43, 49, 42, 46, 42, 39, 45, 32, 28, 49, 32, 39, 47, 39, 37, 91, 37, 35, 47, 29, 31, 29, 52, 50, 36, 31, 53, 47, 35, 59, 48, 47, 40, 48, 37, 31, 49, 144, 175, 200, 74, 90, 66, 64, 103, 348, 195, 82, 78, 123, 92, 90, 104, 58, 87, 197, 49, 101, 121, 85, 108, 76, 62, 62, 84, 69, 65, 66, 86, 54, 73, 92, 79, 48, 68, 72, 66, 87, 96, 59, 71, 81, 88, 90, 337, 208, 742, 271, 261, 437, 432, 344, 274, 128, 81, 220, 164, 144, 81, 198, 81, 68, 52, 38, 47, 40, 47, 37, 33, 46, 41, 31, 45, 41, 32, 46, 44, 47, 36, 57, 34, 47, 38, 85, 47, 44, 107, 73, 113, 213, 67, 81, 56, 164, 55, 46, 34, 37, 44, 49, 104, 34, 33, 33, 32, 35, 32, 31, 39, 39]

Histogram Distribution : 
       Value     Percentile TotalCount 1/(1-Percentile)

      27.000 0.000000000000          2           1.00
      32.000 0.100000000000         54           1.11
      36.000 0.200000000000        110           1.25
      38.000 0.300000000000        156           1.43
      41.000 0.400000000000        201           1.67
      45.000 0.500000000000        269           2.00
      46.000 0.550000000000        279           2.22
      47.000 0.600000000000        303           2.50
      48.000 0.650000000000        329           2.86
      50.000 0.700000000000        354           3.33
      53.000 0.750000000000        380           4.00
      56.000 0.775000000000        390           4.44
      60.000 0.800000000000        402           5.00
      65.000 0.825000000000        414           5.71
      71.000 0.850000000000        426           6.67
      81.000 0.875000000000        444           8.00
      81.000 0.887500000000        444           8.89
      87.000 0.900000000000        451          10.00
      91.000 0.912500000000        457          11.43
      96.000 0.925000000000        463          13.33
     107.000 0.937500000000        469          16.00
     117.000 0.943750000000        472          17.78
     127.000 0.950000000000        475          20.00
     144.000 0.956250000000        480          22.86
     164.000 0.962500000000        482          26.67
     197.000 0.968750000000        485          32.00
     198.000 0.971875000000        486          35.56
     208.000 0.975000000000        488          40.00
     220.000 0.978125000000        490          45.71
     261.000 0.981250000000        491          53.33
     274.000 0.984375000000        493          64.00
     274.000 0.985937500000        493          71.11
     289.000 0.987500000000        494          80.00
     337.000 0.989062500000        495          91.43
     344.000 0.990625000000        496         106.67
     348.000 0.992187500000        497         128.00
     348.000 0.992968750000        497         142.22
     348.000 0.993750000000        497         160.00
     432.000 0.994531250000        498         182.86
     432.000 0.995312500000        498         213.33
     437.000 0.996093750000        499         256.00
     437.000 0.996484375000        499         284.44
     437.000 0.996875000000        499         320.00
     437.000 0.997265625000        499         365.71
     437.000 0.997656250000        499         426.67
     742.000 0.998046875000        500         512.00
     742.000 1.000000000000        500
#[Mean    =       58.182, StdDeviation   =       56.418]
#[Max     =      742.000, Total count    =          500]
#[Buckets =           20, SubBuckets     =         2048]

50th Percentile : 
45
90th Percentile : 
87
95th Percentile : 
127
99th Percentile : 
337
99.9th Percentile : 
742
99.99th Percentile : 
742
99.999th Percentile : 
742
