Recorded latencies [in milli seconds]:
Workload Type : workload_E
Request/ Invocation/ DB Operation Type : SL_deleteCourseById
Recorded completion times :
[53, 55, 58, 50, 98, 56, 107, 337, 64, 101, 41, 42, 92, 56, 54, 69, 94, 52, 53, 68, 52, 68, 94, 62, 52, 93, 62, 56, 52, 102, 104, 132, 73, 58, 63, 88, 93, 60, 64, 89, 54, 57, 54, 45, 86, 52, 56, 87, 106, 51, 92, 60, 52, 52, 95, 50, 52, 104, 48, 60, 101, 80, 64, 71, 107, 73, 60, 117, 43, 66, 93, 76, 56, 95, 67, 77, 96, 48, 43, 95, 64, 47, 98, 65, 52, 86, 53, 52, 83, 48, 51, 87, 46, 53, 104, 57, 59, 95, 59, 76, 58, 50, 92, 57, 59, 119, 77, 43, 95, 67, 51, 87, 204, 393, 99, 57, 52, 89, 57, 50, 86, 65, 54, 95, 52, 45, 91, 49, 51, 93, 94, 50, 44, 100, 73, 57, 91, 147, 55, 119, 60, 55, 85, 58, 70, 105, 59, 43, 82, 52, 44, 76, 43, 42, 96, 52, 37, 88, 57, 53, 88, 64, 50, 90, 125, 77, 116, 55, 58, 66, 107, 73, 74, 94, 57, 48, 88, 47, 104, 46, 89, 59, 54, 90, 56, 46, 97, 54, 44, 88, 52, 77, 89, 63, 52, 86, 48, 43, 98, 59, 55, 103, 61, 68, 97, 57, 56, 96, 49, 54, 89, 67, 55, 90, 48, 44, 117, 61, 62, 87, 36, 38, 80, 139, 45, 87, 53, 43, 91, 45, 46, 95, 53, 58, 98, 62, 93, 109, 62, 74, 64, 140, 59, 64, 95, 82, 66, 85, 72, 61, 87, 71, 53, 141, 66, 47, 42, 97, 48, 46, 85, 139, 77, 87, 49, 68, 107, 59, 72, 130, 59, 63, 91, 53, 53, 98, 80, 76, 98, 51, 43, 93, 56, 44, 92, 53, 45, 92, 57, 101, 108, 58, 45, 86, 61, 86, 82, 59, 58, 98, 60, 56, 99, 57, 58, 96, 60, 59, 96, 68, 46, 108, 56, 44, 85, 50, 56, 87, 55, 48, 91, 48, 58, 86, 113, 46, 87, 61, 44, 133, 59, 57, 98, 58, 58, 110, 74, 67, 94, 59, 55, 132, 78, 39, 87, 50, 50, 85, 59, 47, 95, 55, 46, 89, 71, 45, 88, 56, 81, 85, 94, 44, 88, 61, 58, 96, 58, 79, 103, 66, 59, 95, 81, 70, 96, 61, 49, 100, 50, 72, 109, 56, 56, 57, 91, 48, 54, 83, 55, 45, 86, 51, 47, 98, 47, 46, 86, 59, 80, 95, 57, 60, 101, 57, 59, 100, 61, 64, 102, 59, 58, 98, 60, 56, 94, 55, 46, 86, 52, 68, 92, 64, 46, 88, 52, 46, 86, 58, 46, 100, 59, 55, 86, 48, 48, 152, 71, 60, 100, 59, 57, 107, 63, 80, 122, 59, 57, 100, 60, 55, 119, 121, 53, 93, 40, 83, 42, 84, 252, 76, 126, 127, 105, 105, 125, 138, 190, 82, 124, 138, 150, 56, 127, 141, 373, 537, 99, 148, 263, 93, 107, 124, 203, 82, 126, 82, 190, 112, 79, 80, 166, 92, 118, 136, 132, 198, 102, 80, 80, 141, 95, 110, 134, 169, 110, 105, 105, 126, 414, 302, 652, 1036, 583, 618, 678, 300, 476, 173, 193, 102, 182, 115, 109, 329, 163, 141, 358, 158, 336, 351, 78, 89, 60, 115, 208, 360, 267, 98, 111, 79, 110, 200, 90, 150, 76, 124, 85, 173, 81, 139, 329, 107, 104, 90, 82, 93, 144, 131, 96, 70, 139, 103, 168, 349, 521, 661, 373, 410, 766, 227, 492, 756, 374, 98, 65, 66, 42, 69, 67, 101, 37, 417, 69, 62, 74, 86, 64, 58, 51, 49, 51, 61, 49, 51, 47, 51, 62, 61, 80, 175, 61, 51, 57, 49, 38, 157, 197, 45, 31, 87, 130, 47, 39, 63, 69, 63, 331, 186, 52, 62, 157, 88, 66, 50, 46, 47, 50, 56, 50, 49, 42, 52, 46, 48, 39, 47, 185, 58, 64, 66, 48, 41, 56, 63, 67, 49, 58, 61, 65, 110, 69, 70, 82, 60, 68, 66, 59, 55, 47, 51, 43, 45, 45, 49, 50, 157, 59, 60, 59, 50, 64, 47, 48, 47, 60, 57, 69, 61, 61, 67, 69, 202, 170, 93, 67, 82, 109, 66, 131, 48, 55, 140, 80, 57, 57, 51, 54, 58, 58, 56, 49, 57, 59, 53, 44, 49, 61, 55, 102, 71, 68, 61, 66, 60, 66, 60, 52, 57, 149, 65, 90, 94, 64, 47, 59, 55, 51, 58, 56, 49, 56, 58, 47, 45, 87, 49, 49, 59, 58, 58, 67, 57, 47, 59, 55, 38, 61, 66, 68, 68, 156, 85, 68, 75, 73, 66, 72, 78, 63, 50, 59, 46, 43, 380, 53, 40, 43, 51, 56, 71, 60, 45, 46, 47, 52, 57, 50, 48, 42, 147, 70, 57, 67, 61, 58, 60, 63, 65, 71, 69, 56, 64, 45, 186, 124, 48, 48, 48, 49, 67, 51, 46, 47, 46, 94, 72, 58, 55, 58, 63, 65, 42, 47, 56, 56, 56, 68, 59, 59, 61, 69, 87, 70, 70, 57, 81, 62]

Histogram Distribution : 
       Value     Percentile TotalCount 1/(1-Percentile)

      31.000 0.000000000000          1           1.00
      47.000 0.100000000000         94           1.11
      52.000 0.200000000000        185           1.25
      56.000 0.300000000000        253           1.43
      59.000 0.400000000000        339           1.67
      65.000 0.500000000000        417           2.00
      69.000 0.550000000000        463           2.22
      76.000 0.600000000000        498           2.50
      85.000 0.650000000000        544           2.86
      88.000 0.700000000000        579           3.33
      94.000 0.750000000000        624           4.00
      96.000 0.775000000000        644           4.44
      99.000 0.800000000000        662           5.00
     104.000 0.825000000000        686           5.71
     109.000 0.850000000000        705           6.67
     122.000 0.875000000000        724           8.00
     127.000 0.887500000000        735           8.89
     136.000 0.900000000000        745          10.00
     141.000 0.912500000000        757          11.43
     152.000 0.925000000000        765          13.33
     173.000 0.937500000000        777          16.00
     186.000 0.943750000000        782          17.78
     197.000 0.950000000000        786          20.00
     204.000 0.956250000000        791          22.86
     267.000 0.962500000000        796          26.67
     336.000 0.968750000000        802          32.00
     349.000 0.971875000000        804          35.56
     360.000 0.975000000000        807          40.00
     373.000 0.978125000000        809          45.71
     393.000 0.981250000000        812          53.33
     417.000 0.984375000000        815          64.00
     476.000 0.985937500000        816          71.11
     492.000 0.987500000000        817          80.00
     521.000 0.989062500000        818          91.43
     583.000 0.990625000000        820         106.67
     618.000 0.992187500000        821         128.00
     652.000 0.992968750000        822         142.22
     652.000 0.993750000000        822         160.00
     661.000 0.994531250000        823         182.86
     678.000 0.995312500000        824         213.33
     678.000 0.996093750000        824         256.00
     756.000 0.996484375000        825         284.44
     756.000 0.996875000000        825         320.00
     756.000 0.997265625000        825         365.71
     766.000 0.997656250000        826         426.67
     766.000 0.998046875000        826         512.00
     766.000 0.998242187500        826         568.89
     766.000 0.998437500000        826         640.00
     766.000 0.998632812500        826         731.43
    1036.000 0.998828125000        827         853.33
    1036.000 1.000000000000        827
#[Mean    =       90.868, StdDeviation   =       88.359]
#[Max     =     1036.000, Total count    =          827]
#[Buckets =           20, SubBuckets     =         2048]

50th Percentile : 
65
90th Percentile : 
136
95th Percentile : 
197
99th Percentile : 
537
99.9th Percentile : 
1036
99.99th Percentile : 
1036
99.999th Percentile : 
1036
