Recorded latencies [in milli seconds]:
Workload Type : workload_H
Request/ Invocation/ DB Operation Type : DB_getCourseById
Recorded completion times :
[1, 1, 1, 1, 0, 1, 1, 1, 1, 0, 1, 0, 1, 1, 2, 2, 2, 5, 4, 2, 0, 1, 2, 2, 1, 1, 1, 2, 1, 1, 2, 1, 2, 2, 1, 1, 1, 1, 1, 1, 1, 1, 1, 1, 1, 2, 2, 0, 2, 1, 0, 2, 5, 2, 1, 0, 2, 1, 1, 1, 1, 0, 0, 2, 0, 3, 0, 0, 1, 1, 2, 1, 1, 2, 1, 0, 1, 2, 1, 1, 1, 1, 1, 9, 1, 2, 1, 1, 1, 1, 1, 1, 1, 1, 1, 0, 1, 3, 2, 1, 1, 1, 1, 2, 1, 2, 1, 2, 1, 1, 1, 1, 1, 2, 3, 1, 2, 1, 0, 2, 1, 1, 1, 0, 1, 2, 1, 1, 1, 2, 1, 2, 1, 0, 1, 2, 1, 1, 1, 1, 0, 2, 1, 1, 1, 1, 1, 2, 1, 1, 1, 0, 1, 1, 0, 0, 1, 1, 1, 1, 3, 2, 2, 1, 1, 1, 1, 1, 1, 2, 1, 1, 2, 2, 2, 1, 1, 1, 1, 1, 1, 2, 0, 2, 1, 1, 0, 1, 1, 1, 1, 1, 1, 0, 1, 1, 1, 2, 2, 1, 2, 1, 1, 3, 1, 1, 1, 1, 2, 1, 1, 1, 1, 2, 1, 1, 1, 1, 1, 1, 2, 1, 2, 1, 1, 2, 2, 1, 1, 1, 1, 1, 1, 1, 2, 1, 1, 1, 1, 2, 1, 3, 2, 1, 1, 1, 0, 4, 1, 1, 1, 0, 1, 1, 1, 2, 1, 1, 3, 1, 1, 0, 1, 1, 1, 1, 1, 1, 2, 1, 2, 1, 0, 1, 1, 1, 1, 1, 2, 1, 1, 1, 1, 1, 2, 2, 1, 1, 1, 1, 1, 0, 1, 1, 2, 1, 1, 1, 2, 1, 2, 2, 4, 1, 1, 1, 0, 1, 0, 0, 0, 1, 1, 1, 1, 1, 1, 2, 1, 1, 2, 1, 4, 1, 1, 2, 1, 1, 1, 2, 1, 0, 0, 2, 1, 1, 0, 2, 1, 2, 1, 1, 4, 1, 1, 2, 2, 1, 1, 0, 1, 0, 2, 2, 1, 1, 5, 5, 1, 3, 1, 1, 3, 2, 1, 2, 0, 1, 2, 2, 2, 1, 2, 21, 2, 1, 1, 1, 2, 1, 1, 2, 2, 2, 1, 2, 1, 2, 0, 1, 1, 1, 1, 1, 1, 1, 1, 1, 1, 2, 2, 1, 1, 1, 1, 1, 0, 1, 1, 1, 2, 1, 2, 1, 0, 1, 2, 11, 2, 1, 1, 2, 1, 1, 0, 1, 2, 2, 1, 1, 2, 1, 1, 1, 1, 1, 1, 1, 1, 1, 1, 2, 2, 1, 2, 1, 1, 1, 1, 1, 1, 2, 1, 2, 2, 1, 1, 1, 2, 1, 2, 1, 2, 0, 1, 2, 2, 1, 1, 1, 1, 1, 1, 2, 1, 1, 1, 2, 0, 0, 1, 2, 1, 2, 2, 2, 1, 1, 1, 1, 1, 2, 1, 1, 2, 2, 1, 1, 1, 1]

Histogram Distribution : 
       Value     Percentile TotalCount 1/(1-Percentile)

       0.000 0.000000000000         46           1.00
       1.000 0.100000000000        361           1.11
       1.000 0.200000000000        361           1.25
       1.000 0.300000000000        361           1.43
       1.000 0.400000000000        361           1.67
       1.000 0.500000000000        361           2.00
       1.000 0.550000000000        361           2.22
       1.000 0.600000000000        361           2.50
       1.000 0.650000000000        361           2.86
       1.000 0.700000000000        361           3.33
       2.000 0.750000000000        479           4.00
       2.000 0.775000000000        479           4.44
       2.000 0.800000000000        479           5.00
       2.000 0.825000000000        479           5.71
       2.000 0.850000000000        479           6.67
       2.000 0.875000000000        479           8.00
       2.000 0.887500000000        479           8.89
       2.000 0.900000000000        479          10.00
       2.000 0.912500000000        479          11.43
       2.000 0.925000000000        479          13.33
       2.000 0.937500000000        479          16.00
       2.000 0.943750000000        479          17.78
       2.000 0.950000000000        479          20.00
       2.000 0.956250000000        479          22.86
       3.000 0.962500000000        488          26.67
       3.000 0.968750000000        488          32.00
       3.000 0.971875000000        488          35.56
       3.000 0.975000000000        488          40.00
       4.000 0.978125000000        493          45.71
       4.000 0.981250000000        493          53.33
       4.000 0.984375000000        493          64.00
       4.000 0.985937500000        493          71.11
       5.000 0.987500000000        497          80.00
       5.000 0.989062500000        497          91.43
       5.000 0.990625000000        497         106.67
       5.000 0.992187500000        497         128.00
       5.000 0.992968750000        497         142.22
       5.000 0.993750000000        497         160.00
       9.000 0.994531250000        498         182.86
       9.000 0.995312500000        498         213.33
      11.000 0.996093750000        499         256.00
      11.000 0.996484375000        499         284.44
      11.000 0.996875000000        499         320.00
      11.000 0.997265625000        499         365.71
      11.000 0.997656250000        499         426.67
      21.000 0.998046875000        500         512.00
      21.000 1.000000000000        500
#[Mean    =        1.318, StdDeviation   =        1.283]
#[Max     =       21.000, Total count    =          500]
#[Buckets =           20, SubBuckets     =         2048]

50th Percentile : 
1
90th Percentile : 
2
95th Percentile : 
2
99th Percentile : 
5
99.9th Percentile : 
21
99.99th Percentile : 
21
99.999th Percentile : 
21
