Recorded latencies [in milli seconds]:
Workload Type : workload_A
Request/ Invocation/ DB Operation Type : SL_saveCourse
Recorded completion times :
[127, 43, 67, 51, 37, 36, 88, 57, 44, 50, 40, 65, 53, 47, 53, 48, 44, 43, 50, 53, 54, 54, 56, 52, 56, 68, 74, 59, 68, 64, 43, 74, 58, 53, 65, 94, 43, 58, 54, 52, 47, 60, 44, 51, 51, 65, 49, 54, 332, 66, 199, 45, 51, 46, 40, 87, 67, 75, 66, 53, 59, 62, 58, 49, 50, 161, 59, 77, 55, 104, 50, 54, 63, 53, 51, 53, 39, 53, 56, 40, 49, 54, 46, 89, 65, 56, 143, 52, 48, 54, 137, 70, 59, 51, 58, 55, 80, 71, 446, 65, 56, 47, 94, 52, 52, 74, 71, 57, 54, 55, 57, 51, 57, 57, 47, 65, 88, 46, 48, 47, 49, 91, 55, 44, 51, 56, 69, 60, 55, 50, 62, 59, 57, 64, 65, 68, 57, 64, 65, 58, 61, 101, 73, 62, 58, 56, 44, 87, 73, 56, 85, 48, 46, 55, 86, 58, 53, 47, 78, 80, 65, 65, 45, 45, 53, 54, 74, 61, 76, 47, 54, 53, 95, 63, 63, 60, 58, 62, 58, 45, 47, 101, 75, 62, 44, 52, 146, 48, 93, 54, 52, 44, 41, 47, 51, 45, 86, 72, 47, 46, 92, 61, 42, 64, 85, 60, 46, 61, 50, 67, 121, 66, 60, 69, 58, 81, 91, 65, 64, 92, 73, 44, 95, 56, 63, 42, 92, 56, 46, 51, 90, 61, 41, 46, 48, 85, 58, 44, 99, 54, 46, 50, 88, 54, 58, 66, 44, 60, 64, 68, 99, 59, 64, 63, 61, 62, 97, 54, 47, 53, 93, 49, 59, 46, 87, 60, 42, 49, 135, 86, 65, 52, 46, 46, 90, 54, 55, 49, 90, 63, 50, 42, 99, 99, 68, 47, 106, 66, 58, 98, 68, 52, 101, 60, 43, 76, 47, 37, 86, 54, 56, 47, 83, 48, 84, 49, 48, 85, 132, 46, 87, 58, 57, 85, 64, 46, 97, 67, 50, 67, 66, 60, 52, 95, 52, 162, 65, 56, 102, 66, 54, 34, 82, 49, 49, 46, 88, 64, 53, 50, 46, 85, 59, 41, 85, 57, 49, 84, 64, 42, 89, 50, 49, 51, 100, 63, 63, 58, 117, 64, 108, 64, 61, 79, 61, 68, 53, 100, 94, 62, 63, 59, 42, 84, 46, 41, 100, 55, 39, 85, 51, 58, 82, 41, 52, 89, 322, 169, 148, 118, 74, 107, 170, 68, 127, 165, 113, 88, 99, 157, 110, 65, 45, 112, 124, 100, 111, 144, 154, 72, 137, 155, 89, 106, 99, 133, 255, 108, 105, 127, 68, 111, 100, 115, 123, 112, 138, 105, 71, 137, 120, 53, 122, 307, 267, 462, 521, 394, 490, 464, 245, 124, 230, 361, 294, 412, 344, 209, 201, 84, 98, 131, 92, 70, 133, 84, 141, 68, 98, 55, 88, 187, 27, 182, 43, 9, 10, 14, 35, 18, 89, 76, 17, 13, 9, 489, 201, 62, 193, 64, 43, 224, 101, 43, 42, 45, 56, 41, 81, 63, 69, 62, 53, 54, 64, 53, 53, 59, 63, 64]

Histogram Distribution : 
       Value     Percentile TotalCount 1/(1-Percentile)

       9.000 0.000000000000          2           1.00
      45.000 0.100000000000         56           1.11
      49.000 0.200000000000        107           1.25
      53.000 0.300000000000        160           1.43
      56.000 0.400000000000        200           1.67
      61.000 0.500000000000        252           2.00
      64.000 0.550000000000        287           2.22
      65.000 0.600000000000        301           2.50
      69.000 0.650000000000        326           2.86
      80.000 0.700000000000        351           3.33
      87.000 0.750000000000        377           4.00
      89.000 0.775000000000        388           4.44
      94.000 0.800000000000        402           5.00
      99.000 0.825000000000        416           5.71
     101.000 0.850000000000        425           6.67
     112.000 0.875000000000        439           8.00
     120.000 0.887500000000        444           8.89
     127.000 0.900000000000        452          10.00
     135.000 0.912500000000        457          11.43
     143.000 0.925000000000        463          13.33
     157.000 0.937500000000        469          16.00
     165.000 0.943750000000        472          17.78
     182.000 0.950000000000        475          20.00
     201.000 0.956250000000        480          22.86
     224.000 0.962500000000        482          26.67
     255.000 0.968750000000        485          32.00
     267.000 0.971875000000        486          35.56
     307.000 0.975000000000        488          40.00
     332.000 0.978125000000        490          45.71
     344.000 0.981250000000        491          53.33
     394.000 0.984375000000        493          64.00
     394.000 0.985937500000        493          71.11
     412.000 0.987500000000        494          80.00
     446.000 0.989062500000        495          91.43
     462.000 0.990625000000        496         106.67
     464.000 0.992187500000        497         128.00
     464.000 0.992968750000        497         142.22
     464.000 0.993750000000        497         160.00
     489.000 0.994531250000        498         182.86
     489.000 0.995312500000        498         213.33
     490.000 0.996093750000        499         256.00
     490.000 0.996484375000        499         284.44
     490.000 0.996875000000        499         320.00
     490.000 0.997265625000        499         365.71
     490.000 0.997656250000        499         426.67
     521.000 0.998046875000        500         512.00
     521.000 1.000000000000        500
#[Mean    =       80.958, StdDeviation   =       66.012]
#[Max     =      521.000, Total count    =          500]
#[Buckets =           20, SubBuckets     =         2048]

50th Percentile : 
61
90th Percentile : 
127
95th Percentile : 
182
99th Percentile : 
446
99.9th Percentile : 
521
99.99th Percentile : 
521
99.999th Percentile : 
521
