Recorded latencies [in milli seconds]:
Workload Type : workload_E
Request/ Invocation/ DB Operation Type : SL_deleteCourseById
Recorded completion times :
[198, 84, 233, 242, 107, 319, 457, 515, 241, 422, 405, 432, 357, 419, 59, 59, 92, 74, 46, 40, 108, 81, 87, 67, 68, 69, 104, 75, 63, 111, 64, 44, 99, 83, 61, 51, 49, 96, 59, 49, 53, 49, 101, 58, 54, 57, 63, 97, 74, 100, 70, 112, 58, 54, 107, 63, 74, 149, 53, 63, 106, 68, 108, 104, 61, 45, 91, 48, 50, 97, 59, 50, 95, 64, 47, 54, 44, 84, 42, 38, 88, 56, 56, 88, 74, 69, 58, 107, 62, 53, 97, 58, 75, 106, 72, 219, 84, 152, 42, 74, 104, 122, 79, 113, 45, 56, 101, 79, 59, 106, 60, 70, 107, 62, 74, 111, 87, 92, 98, 114, 77, 51, 158, 75, 77, 64, 70, 97, 60, 60, 100, 58, 55, 89, 39, 69, 97, 59, 118, 94, 58, 69, 92, 59, 70, 115, 105, 127, 155, 254, 102, 123, 119, 47, 111, 58, 77, 94, 91, 50, 99, 76, 180, 96, 46, 68, 95, 55, 62, 168, 74, 71, 78, 142, 63, 62, 133, 55, 69, 120, 141, 121, 131, 66, 66, 96, 122, 113, 104, 65, 54, 102, 71, 50, 104, 63, 69, 107, 75, 54, 105, 82, 65, 114, 61, 70, 132, 55, 64, 118, 56, 77, 332, 82, 64, 119, 57, 56, 102, 69, 58, 109, 92, 96, 65, 106, 102, 76, 53, 107, 70, 69, 65, 119, 142, 74, 103, 104, 71, 96, 69, 88, 218, 129, 55, 85, 55, 42, 94, 160, 74, 98, 40, 76, 176, 55, 56, 123, 59, 75, 263, 119, 101, 113, 79, 69, 105, 71, 73, 110, 60, 107, 130, 87, 69, 144, 131, 67, 108, 131, 71, 82, 42, 42, 81, 33, 42, 117, 70, 45, 98, 51, 42, 88, 49, 43, 90, 46, 44, 98, 38, 54, 94, 43, 45, 82, 185, 43, 83, 40, 41, 84, 42, 41, 81, 90, 41, 115, 132, 43, 85, 53, 76, 78, 44, 87, 127, 155, 97, 94, 44, 45, 94, 64, 42, 148, 601, 64, 83, 34, 42, 83, 44, 40, 82, 43, 41, 83, 34, 39, 84, 56, 41, 90, 73, 52, 93, 47, 51, 96, 56, 49, 87, 57, 67, 93, 47, 40, 92, 40, 39, 105, 182, 78, 87, 42, 102, 92, 43, 82, 89, 86, 80, 84, 103, 156, 134, 99, 125, 180, 153, 185, 174, 154, 101, 164, 191, 306, 176, 106, 127, 171, 188, 190, 203, 131, 149, 162, 180, 149, 258, 123, 167, 195, 135, 233, 232, 125, 134, 191, 126, 101, 176, 179, 129, 253, 247, 132, 208, 159, 604, 609, 850, 536, 598, 495, 926, 1069, 308, 306, 184, 238, 112, 189, 195, 263, 297, 276, 95, 234, 356, 108, 145, 131, 113, 115, 155, 183, 12, 104, 13, 18, 14, 202, 35, 6, 23, 24, 5, 3, 182, 4, 3, 4, 10, 14, 22, 11, 12, 6, 9, 132, 17, 11, 18, 6, 64, 103, 6, 7, 49]

Histogram Distribution : 
       Value     Percentile TotalCount 1/(1-Percentile)

       3.000 0.000000000000          2           1.00
      42.000 0.100000000000         56           1.11
      53.000 0.200000000000        101           1.25
      61.000 0.300000000000        148           1.43
      71.000 0.400000000000        201           1.67
      83.000 0.500000000000        247           2.00
      90.000 0.550000000000        271           2.22
      96.000 0.600000000000        296           2.50
     102.000 0.650000000000        321           2.86
     107.000 0.700000000000        347           3.33
     118.000 0.750000000000        370           4.00
     123.000 0.775000000000        381           4.44
     131.000 0.800000000000        395           5.00
     142.000 0.825000000000        406           5.71
     155.000 0.850000000000        418           6.67
     176.000 0.875000000000        431           8.00
     182.000 0.887500000000        437           8.89
     188.000 0.900000000000        442          10.00
     198.000 0.912500000000        449          11.43
     232.000 0.925000000000        455          13.33
     242.000 0.937500000000        461          16.00
     254.000 0.943750000000        464          17.78
     263.000 0.950000000000        467          20.00
     306.000 0.956250000000        471          22.86
     319.000 0.962500000000        473          26.67
     357.000 0.968750000000        476          32.00
     419.000 0.971875000000        478          35.56
     422.000 0.975000000000        479          40.00
     457.000 0.978125000000        481          45.71
     495.000 0.981250000000        482          53.33
     536.000 0.984375000000        484          64.00
     598.000 0.985937500000        485          71.11
     598.000 0.987500000000        485          80.00
     601.000 0.989062500000        486          91.43
     604.000 0.990625000000        487         106.67
     609.000 0.992187500000        488         128.00
     609.000 0.992968750000        488         142.22
     609.000 0.993750000000        488         160.00
     850.000 0.994531250000        489         182.86
     850.000 0.995312500000        489         213.33
     926.000 0.996093750000        490         256.00
     926.000 0.996484375000        490         284.44
     926.000 0.996875000000        490         320.00
     926.000 0.997265625000        490         365.71
     926.000 0.997656250000        490         426.67
    1069.000 0.998046875000        491         512.00
    1069.000 1.000000000000        491
#[Mean    =      109.308, StdDeviation   =      109.115]
#[Max     =     1069.000, Total count    =          491]
#[Buckets =           20, SubBuckets     =         2048]

50th Percentile : 
83
90th Percentile : 
188
95th Percentile : 
263
99th Percentile : 
604
99.9th Percentile : 
1069
99.99th Percentile : 
1069
99.999th Percentile : 
1069
