Recorded latencies [in milli seconds]:
Workload Type : workload_D
Request/ Invocation/ DB Operation Type : SL_saveCourse
Recorded completion times :
[156, 402, 84, 55, 59, 48, 162, 68, 57, 67, 67, 40, 139, 64, 50, 144, 73, 52, 59, 41, 54, 55, 48, 47, 41, 81, 107, 162, 85, 60, 48, 64, 62, 58, 81, 56, 83, 73, 42, 55, 66, 60, 50, 46, 88, 81, 56, 35, 41, 85, 54, 36, 81, 41, 35, 50, 86, 57, 67, 53, 61, 77, 54, 47, 54, 63, 51, 104, 80, 62, 51, 39, 51, 89, 54, 46, 84, 45, 37, 37, 106, 56, 58, 70, 137, 54, 40, 37, 32, 99, 71, 55, 63, 74, 64, 73, 49, 52, 76, 54, 46, 60, 40, 44, 82, 130, 48, 52, 56, 55, 42, 34, 43, 49, 38, 62, 36, 73, 54, 53, 54, 50, 63, 68, 54, 53, 65, 51, 54, 50, 43, 36, 33, 53, 80, 52, 74, 41, 58, 40, 139, 46, 34, 53, 45, 32, 55, 48, 55, 58, 54, 55, 55, 55, 45, 149, 101, 58, 34, 52, 62, 44, 34, 80, 59, 44, 67, 67, 49, 37, 55, 54, 46, 83, 109, 86, 73, 74, 90, 77, 65, 80, 47, 82, 395, 550, 105, 51, 92, 45, 50, 57, 55, 64, 73, 49, 62, 86, 57, 92, 72, 118, 85, 58, 44, 88, 83, 71, 110, 74, 157, 41, 61, 61, 101, 93, 97, 147, 112, 91, 144, 64, 60, 75, 53, 107, 43, 48, 61, 46, 40, 130, 49, 40, 88, 38, 46, 39, 33, 82, 60, 59, 51, 107, 74, 147, 63, 35, 90, 57, 63, 57, 151, 126, 115, 135, 373, 712, 83, 97, 138, 170, 76, 101, 114, 101, 149, 99, 86, 110, 156, 157, 128, 93, 73, 288, 131, 98, 78, 89, 117, 102, 62, 74, 235, 94, 76, 95, 72, 94, 109, 122, 207, 429, 150, 119, 257, 391, 304, 376, 701, 297, 352, 483, 500, 368, 471, 416, 339, 397, 737, 568, 299, 252, 448, 236, 414, 358, 309, 451, 336, 495, 103, 112, 159, 221, 46, 45, 46, 45, 32, 38, 173, 65, 51, 34, 41, 50, 156, 43, 50, 42, 60, 59, 61, 100, 58, 48, 40, 77, 138, 41, 36, 34, 43, 34, 34, 38, 31, 85, 52, 46, 48, 50, 55, 50, 99, 55, 49, 62, 69, 48, 39, 45, 48, 35, 33, 47, 38, 60, 39, 33, 41, 113, 51, 47, 51, 48, 44, 49, 56, 51, 50, 39, 32, 36, 48, 38, 43, 39, 49, 41, 35, 41, 53, 40, 41, 48, 51, 38, 51, 41, 34, 54, 52, 42, 44, 44, 33, 35, 36, 37, 91, 46, 43, 50, 58, 45, 50, 52, 55, 47, 56, 52, 48, 54, 63, 49, 43, 46, 53, 154, 43, 42, 39, 48, 54, 65, 43, 55, 34, 66, 46, 61, 59, 56, 67, 49, 45, 45, 64, 57, 53, 51, 37, 48, 48, 52, 54, 35, 38, 51, 81, 55, 56, 37, 40, 55, 45, 47, 52, 48, 50, 54, 38, 38, 64, 46, 33, 35, 41, 47, 37, 50, 49, 39, 42, 55, 51, 32]

Histogram Distribution : 
       Value     Percentile TotalCount 1/(1-Percentile)

      31.000 0.000000000000          1           1.00
      38.000 0.100000000000         54           1.11
      43.000 0.200000000000        101           1.25
      48.000 0.300000000000        159           1.43
      51.000 0.400000000000        200           1.67
      55.000 0.500000000000        257           2.00
      58.000 0.550000000000        280           2.22
      62.000 0.600000000000        306           2.50
      66.000 0.650000000000        325           2.86
      74.000 0.700000000000        352           3.33
      83.000 0.750000000000        376           4.00
      88.000 0.775000000000        389           4.44
      94.000 0.800000000000        401           5.00
     101.000 0.825000000000        413           5.71
     110.000 0.850000000000        425           6.67
     130.000 0.875000000000        438           8.00
     139.000 0.887500000000        445           8.89
     149.000 0.900000000000        451          10.00
     156.000 0.912500000000        457          11.43
     170.000 0.925000000000        463          13.33
     252.000 0.937500000000        469          16.00
     297.000 0.943750000000        472          17.78
     309.000 0.950000000000        475          20.00
     358.000 0.956250000000        479          22.86
     376.000 0.962500000000        482          26.67
     397.000 0.968750000000        485          32.00
     402.000 0.971875000000        486          35.56
     416.000 0.975000000000        488          40.00
     448.000 0.978125000000        490          45.71
     451.000 0.981250000000        491          53.33
     483.000 0.984375000000        493          64.00
     483.000 0.985937500000        493          71.11
     495.000 0.987500000000        494          80.00
     500.000 0.989062500000        495          91.43
     550.000 0.990625000000        496         106.67
     568.000 0.992187500000        497         128.00
     568.000 0.992968750000        497         142.22
     568.000 0.993750000000        497         160.00
     701.000 0.994531250000        498         182.86
     701.000 0.995312500000        498         213.33
     712.000 0.996093750000        499         256.00
     712.000 0.996484375000        499         284.44
     712.000 0.996875000000        499         320.00
     712.000 0.997265625000        499         365.71
     712.000 0.997656250000        499         426.67
     737.000 0.998046875000        500         512.00
     737.000 1.000000000000        500
#[Mean    =       88.152, StdDeviation   =       97.673]
#[Max     =      737.000, Total count    =          500]
#[Buckets =           20, SubBuckets     =         2048]

50th Percentile : 
55
90th Percentile : 
149
95th Percentile : 
309
99th Percentile : 
500
99.9th Percentile : 
737
99.99th Percentile : 
737
99.999th Percentile : 
737
