Recorded latencies [in milli seconds]:
Workload Type : workload_C
Request/ Invocation/ DB Operation Type : HTTP_retrieve
Recorded completion times :
[557, 16, 12, 16, 18, 17, 13, 59, 12, 10, 12, 12, 67, 36, 39, 81, 47, 28, 29, 64, 10, 14, 14, 13, 72, 32, 29, 76, 29, 31, 84, 29, 45, 22, 16, 55, 18, 12, 11, 15, 15, 21, 12, 55, 12, 19, 11, 12, 60, 33, 27, 78, 9, 9, 9, 8, 8, 52, 11, 12, 11, 14, 61, 14, 10, 8, 7, 9, 12, 51, 9, 9, 8, 10, 12, 57, 78, 28, 28, 64, 25, 30, 62, 11, 13, 17, 12, 11, 52, 18, 18, 63, 38, 22, 71, 30, 47, 67, 14, 13, 24, 14, 16, 14, 59, 18, 19, 66, 21, 19, 67, 21, 21, 73, 22, 21, 67, 22, 24, 27, 62, 27, 26, 64, 22, 22, 67, 45, 28, 58, 11, 11, 10, 14, 13, 14, 11, 11, 58, 20, 16, 64, 26, 21, 70, 22, 25, 62, 13, 12, 13, 14, 55, 11, 9, 7, 7, 8, 8, 12, 14, 8, 7, 9, 7, 10, 8, 8, 9, 52, 10, 9, 9, 7, 7, 6, 7, 10, 11, 11, 10, 60, 19, 19, 24, 59, 28, 24, 64, 14, 18, 14, 10, 9, 12, 56, 6, 7, 7, 8, 9, 11, 10, 56, 25, 25, 64, 39, 25, 65, 20, 19, 19, 22, 63, 8, 8, 52, 8, 11, 59, 9, 7, 8, 7, 7, 7, 8, 7, 7, 7, 8, 9, 11, 10, 7, 8, 8, 9, 11, 8, 8, 9, 16, 66, 27, 30, 62, 13, 10, 11, 9, 15, 10, 8, 55, 8, 9, 7, 7, 6, 7, 6, 9, 8, 7, 12, 10, 7, 7, 7, 7, 48, 9, 11, 9, 54, 28, 30, 65, 23, 19, 18, 65, 23, 19, 22, 67, 22, 22, 23, 63, 31, 32, 61, 9, 7, 53, 27, 25, 64, 31, 19, 20, 56, 9, 8, 62, 33, 26, 67, 22, 25, 62, 13, 13, 55, 8, 9, 8, 8, 9, 9, 58, 21, 25, 71, 28, 28, 80, 38, 27, 68, 22, 20, 17, 38, 65, 7, 7, 8, 16, 12, 50, 7, 9, 8, 13, 10, 8, 8, 8, 7, 8, 7, 7, 10, 9, 8, 9, 8, 7, 7, 7, 53, 28, 22, 21, 14, 54, 8, 10, 9, 15, 14, 52, 8, 14, 52, 13, 8, 10, 8, 52, 10, 10, 7, 6, 6, 7, 6, 7, 6, 6, 6, 7, 6, 53, 7, 9, 8, 11, 8, 9, 12, 11, 9, 54, 21, 21, 58, 18, 19, 18, 15, 62, 16, 15, 15, 16, 17, 64, 24, 25, 20, 24, 18, 62, 18, 17, 28, 62, 18, 19, 22, 66, 27, 32, 59, 11, 11, 8, 8, 8, 7, 7, 8, 7, 12, 9, 17, 8, 47, 7, 7, 7, 11, 12, 7, 10, 47, 10, 9, 53, 7, 8, 8, 7, 8, 10, 11, 9, 9, 50, 7, 11, 7, 15, 6, 6, 74, 19, 15, 57, 24, 24, 66, 21, 17, 16, 59, 17, 24, 20, 21, 23, 20, 14, 10, 60]

Histogram Distribution : 
       Value     Percentile TotalCount 1/(1-Percentile)

       6.000 0.000000000000         13           1.00
       7.000 0.100000000000         65           1.11
       8.000 0.200000000000        114           1.25
       9.000 0.300000000000        152           1.43
      11.000 0.400000000000        203           1.67
      14.000 0.500000000000        252           2.00
      17.000 0.550000000000        279           2.22
      19.000 0.600000000000        304           2.50
      22.000 0.650000000000        338           2.86
      24.000 0.700000000000        351           3.33
      28.000 0.750000000000        380           4.00
      30.000 0.775000000000        388           4.44
      38.000 0.800000000000        400           5.00
      52.000 0.825000000000        419           5.71
      54.000 0.850000000000        426           6.67
      58.000 0.875000000000        440           8.00
      59.000 0.887500000000        446           8.89
      61.000 0.900000000000        451          10.00
      62.000 0.912500000000        460          11.43
      63.000 0.925000000000        463          13.33
      64.000 0.937500000000        471          16.00
      65.000 0.943750000000        475          17.78
      65.000 0.950000000000        475          20.00
      66.000 0.956250000000        479          22.86
      67.000 0.962500000000        486          26.67
      67.000 0.968750000000        486          32.00
      67.000 0.971875000000        486          35.56
      70.000 0.975000000000        488          40.00
      71.000 0.978125000000        490          45.71
      72.000 0.981250000000        491          53.33
      74.000 0.984375000000        493          64.00
      74.000 0.985937500000        493          71.11
      76.000 0.987500000000        494          80.00
      78.000 0.989062500000        496          91.43
      78.000 0.990625000000        496         106.67
      80.000 0.992187500000        497         128.00
      80.000 0.992968750000        497         142.22
      80.000 0.993750000000        497         160.00
      81.000 0.994531250000        498         182.86
      81.000 0.995312500000        498         213.33
      84.000 0.996093750000        499         256.00
      84.000 0.996484375000        499         284.44
      84.000 0.996875000000        499         320.00
      84.000 0.997265625000        499         365.71
      84.000 0.997656250000        499         426.67
     557.000 0.998046875000        500         512.00
     557.000 1.000000000000        500
#[Mean    =       24.412, StdDeviation   =       31.041]
#[Max     =      557.000, Total count    =          500]
#[Buckets =           20, SubBuckets     =         2048]

50th Percentile : 
14
90th Percentile : 
61
95th Percentile : 
65
99th Percentile : 
78
99.9th Percentile : 
557
99.99th Percentile : 
557
99.999th Percentile : 
557
