Recorded latencies [in milli seconds]:
Workload Type : workload_B
Request/ Invocation/ DB Operation Type : SL_saveCourse
Recorded completion times :
[154, 55, 71, 71, 92, 57, 55, 82, 35, 71, 87, 49, 45, 92, 55, 50, 98, 49, 52, 95, 51, 57, 52, 92, 64, 56, 95, 54, 44, 132, 77, 51, 97, 63, 74, 55, 110, 55, 55, 106, 73, 52, 63, 96, 55, 52, 93, 60, 43, 91, 50, 53, 92, 70, 57, 52, 90, 51, 55, 52, 86, 54, 49, 95, 61, 52, 58, 94, 64, 102, 113, 105, 49, 51, 91, 166, 83, 90, 48, 59, 88, 50, 43, 85, 86, 62, 90, 64, 56, 48, 85, 68, 155, 566, 52, 46, 88, 55, 43, 87, 69, 46, 95, 70, 47, 110, 49, 66, 100, 76, 53, 106, 68, 71, 122, 78, 57, 117, 56, 45, 52, 92, 67, 51, 54, 83, 133, 54, 42, 83, 57, 66, 87, 52, 55, 87, 81, 37, 82, 68, 46, 74, 97, 59, 60, 108, 74, 64, 126, 58, 55, 104, 37, 56, 105, 76, 74, 49, 88, 46, 52, 100, 66, 44, 58, 91, 59, 54, 92, 93, 47, 85, 57, 63, 46, 84, 79, 119, 209, 56, 62, 63, 93, 67, 63, 104, 78, 66, 102, 41, 52, 99, 66, 60, 95, 52, 45, 114, 55, 40, 81, 36, 38, 88, 60, 46, 119, 75, 54, 88, 42, 37, 86, 56, 46, 98, 58, 56, 104, 52, 64, 105, 74, 64, 123, 76, 64, 104, 43, 46, 100, 70, 52, 85, 60, 48, 95, 63, 51, 83, 56, 34, 91, 58, 45, 125, 96, 55, 45, 83, 74, 66, 101, 77, 75, 96, 47, 56, 101, 99, 50, 60, 100, 68, 59, 92, 59, 44, 89, 65, 50, 94, 47, 43, 85, 48, 49, 88, 59, 53, 85, 47, 48, 87, 69, 46, 88, 67, 56, 94, 60, 55, 98, 53, 60, 98, 75, 57, 91, 143, 74, 100, 56, 62, 95, 41, 51, 86, 46, 47, 89, 50, 52, 90, 64, 78, 88, 49, 55, 71, 93, 44, 42, 95, 51, 89, 103, 71, 61, 111, 71, 90, 102, 70, 64, 104, 54, 59, 105, 59, 41, 89, 64, 55, 92, 63, 57, 93, 52, 44, 96, 65, 45, 87, 69, 51, 89, 68, 55, 94, 52, 50, 84, 58, 98, 108, 60, 56, 109, 42, 55, 106, 62, 49, 100, 78, 56, 93, 43, 51, 226, 116, 125, 69, 41, 167, 132, 125, 122, 105, 154, 108, 122, 93, 151, 120, 76, 120, 111, 83, 199, 94, 72, 154, 144, 48, 90, 91, 98, 87, 127, 148, 85, 127, 93, 89, 115, 152, 116, 121, 239, 98, 138, 99, 123, 137, 85, 145, 696, 254, 90, 123, 94, 112, 127, 117, 85, 113, 136, 139, 376, 415, 629, 445, 442, 699, 610, 663, 370, 143, 154, 172, 156, 241, 142, 149, 191, 231, 154, 204, 55, 314, 175, 102, 90, 781, 561, 509, 250, 56, 101, 339, 138, 77, 121, 179, 106, 372, 111, 112, 152, 111, 192, 74, 69, 75, 85, 82, 115, 415, 113, 145, 238, 375, 511, 578, 369, 315, 307, 383]

Histogram Distribution : 
       Value     Percentile TotalCount 1/(1-Percentile)

      34.000 0.000000000000          1           1.00
      48.000 0.100000000000         55           1.11
      53.000 0.200000000000        103           1.25
      57.000 0.300000000000        151           1.43
      66.000 0.400000000000        205           1.67
      77.000 0.500000000000        250           2.00
      85.000 0.550000000000        278           2.22
      89.000 0.600000000000        303           2.50
      92.000 0.650000000000        325           2.86
      96.000 0.700000000000        351           3.33
     102.000 0.750000000000        376           4.00
     106.000 0.775000000000        391           4.44
     111.000 0.800000000000        401           5.00
     117.000 0.825000000000        413           5.71
     123.000 0.850000000000        425           6.67
     138.000 0.875000000000        439           8.00
     144.000 0.887500000000        444           8.89
     152.000 0.900000000000        451          10.00
     155.000 0.912500000000        457          11.43
     179.000 0.925000000000        463          13.33
     226.000 0.937500000000        469          16.00
     239.000 0.943750000000        472          17.78
     254.000 0.950000000000        475          20.00
     339.000 0.956250000000        479          22.86
     372.000 0.962500000000        482          26.67
     383.000 0.968750000000        485          32.00
     415.000 0.971875000000        487          35.56
     442.000 0.975000000000        488          40.00
     509.000 0.978125000000        490          45.71
     511.000 0.981250000000        491          53.33
     566.000 0.984375000000        493          64.00
     566.000 0.985937500000        493          71.11
     578.000 0.987500000000        494          80.00
     610.000 0.989062500000        495          91.43
     629.000 0.990625000000        496         106.67
     663.000 0.992187500000        497         128.00
     663.000 0.992968750000        497         142.22
     663.000 0.993750000000        497         160.00
     696.000 0.994531250000        498         182.86
     696.000 0.995312500000        498         213.33
     699.000 0.996093750000        499         256.00
     699.000 0.996484375000        499         284.44
     699.000 0.996875000000        499         320.00
     699.000 0.997265625000        499         365.71
     699.000 0.997656250000        499         426.67
     781.000 0.998046875000        500         512.00
     781.000 1.000000000000        500
#[Mean    =      102.536, StdDeviation   =       99.004]
#[Max     =      781.000, Total count    =          500]
#[Buckets =           20, SubBuckets     =         2048]

50th Percentile : 
77
90th Percentile : 
152
95th Percentile : 
254
99th Percentile : 
610
99.9th Percentile : 
781
99.99th Percentile : 
781
99.999th Percentile : 
781
