Recorded latencies [in milli seconds]:
Workload Type : workload_E
Request/ Invocation/ DB Operation Type : HTTP_delete
Recorded completion times :
[494, 93, 87, 130, 738, 127, 103, 111, 90, 76, 130, 83, 66, 68, 157, 74, 80, 113, 79, 65, 117, 76, 70, 56, 110, 80, 74, 115, 85, 69, 67, 105, 64, 80, 124, 89, 85, 66, 141, 71, 67, 106, 74, 77, 124, 77, 68, 102, 51, 54, 97, 59, 93, 101, 49, 54, 94, 66, 55, 104, 65, 116, 104, 63, 60, 93, 58, 53, 105, 58, 74, 115, 63, 55, 104, 82, 66, 113, 67, 66, 118, 63, 70, 98, 58, 59, 99, 64, 51, 163, 57, 69, 97, 68, 63, 111, 78, 62, 95, 68, 45, 85, 62, 57, 91, 48, 44, 101, 64, 62, 112, 89, 64, 93, 73, 73, 124, 71, 75, 104, 72, 58, 110, 68, 64, 98, 93, 93, 52, 110, 67, 71, 96, 62, 54, 113, 69, 72, 77, 118, 71, 76, 98, 75, 82, 68, 111, 103, 78, 80, 115, 82, 77, 117, 82, 70, 72, 103, 64, 40, 101, 66, 65, 95, 83, 80, 100, 67, 64, 105, 90, 68, 107, 78, 64, 98, 69, 56, 106, 76, 83, 110, 68, 70, 118, 81, 76, 177, 86, 85, 106, 55, 55, 82, 46, 56, 100, 75, 38, 140, 104, 65, 101, 86, 40, 94, 92, 212, 284, 57, 55, 118, 74, 79, 101, 158, 89, 130, 79, 79, 119, 81, 85, 67, 113, 80, 67, 124, 79, 117, 94, 146, 50, 102, 68, 66, 130, 69, 57, 131, 69, 68, 102, 76, 84, 101, 137, 65, 116, 85, 113, 106, 82, 82, 117, 96, 73, 120, 67, 67, 107, 73, 90, 110, 63, 56, 132, 59, 54, 108, 73, 67, 100, 57, 57, 134, 67, 67, 95, 58, 57, 96, 85, 62, 109, 89, 73, 64, 130, 75, 83, 78, 109, 70, 88, 113, 65, 69, 118, 67, 81, 200, 47, 51, 102, 59, 48, 93, 63, 55, 90, 59, 46, 99, 59, 58, 95, 139, 76, 130, 66, 69, 108, 150, 64, 138, 68, 96, 123, 82, 62, 96, 73, 54, 97, 68, 58, 121, 65, 55, 104, 68, 66, 95, 62, 55, 110, 79, 66, 98, 81, 71, 120, 75, 89, 113, 89, 65, 109, 80, 70, 119, 292, 66, 98, 66, 67, 143, 61, 54, 107, 57, 57, 108, 46, 48, 111, 71, 61, 95, 96, 83, 97, 50, 67, 110, 133, 78, 120, 156, 116, 165, 131, 305, 259, 143, 211, 170, 123, 166, 135, 159, 150, 114, 98, 435, 190, 131, 182, 77, 108, 159, 89, 101, 140, 316, 142, 118, 105, 111, 113, 112, 90, 88, 130, 84, 208, 145, 110, 269, 638, 609, 449, 452, 151, 97, 140, 223, 533, 730, 273, 304, 319, 140, 121, 154, 83, 101, 151, 196, 491, 43, 155, 67, 76, 116, 487, 235, 48, 25, 24, 19, 24, 32, 34, 25, 17, 25, 84, 26, 594, 19, 35, 29, 17, 13, 24, 98, 36, 419, 195, 304, 70, 58, 59, 63, 69, 71, 61, 233, 52, 45, 47, 48, 66, 71, 87, 54, 55, 55]

Histogram Distribution : 
       Value     Percentile TotalCount 1/(1-Percentile)

      13.000 0.000000000000          1           1.00
      54.000 0.100000000000         50           1.11
      63.000 0.200000000000        106           1.25
      67.000 0.300000000000        153           1.43
      73.000 0.400000000000        200           1.67
      82.000 0.500000000000        253           2.00
      88.000 0.550000000000        275           2.22
      95.000 0.600000000000        305           2.50
      99.000 0.650000000000        326           2.86
     104.000 0.700000000000        350           3.33
     110.000 0.750000000000        376           4.00
     113.000 0.775000000000        391           4.44
     117.000 0.800000000000        403           5.00
     120.000 0.825000000000        414           5.71
     130.000 0.850000000000        430           6.67
     137.000 0.875000000000        438           8.00
     140.000 0.887500000000        444           8.89
     146.000 0.900000000000        450          10.00
     156.000 0.912500000000        457          11.43
     165.000 0.925000000000        463          13.33
     195.000 0.937500000000        469          16.00
     208.000 0.943750000000        472          17.78
     223.000 0.950000000000        475          20.00
     269.000 0.956250000000        479          22.86
     292.000 0.962500000000        482          26.67
     305.000 0.968750000000        485          32.00
     316.000 0.971875000000        486          35.56
     419.000 0.975000000000        488          40.00
     449.000 0.978125000000        490          45.71
     452.000 0.981250000000        491          53.33
     491.000 0.984375000000        493          64.00
     491.000 0.985937500000        493          71.11
     494.000 0.987500000000        494          80.00
     533.000 0.989062500000        495          91.43
     594.000 0.990625000000        496         106.67
     609.000 0.992187500000        497         128.00
     609.000 0.992968750000        497         142.22
     609.000 0.993750000000        497         160.00
     638.000 0.994531250000        498         182.86
     638.000 0.995312500000        498         213.33
     730.000 0.996093750000        499         256.00
     730.000 0.996484375000        499         284.44
     730.000 0.996875000000        499         320.00
     730.000 0.997265625000        499         365.71
     730.000 0.997656250000        499         426.67
     738.000 0.998046875000        500         512.00
     738.000 1.000000000000        500
#[Mean    =      103.472, StdDeviation   =       86.253]
#[Max     =      738.000, Total count    =          500]
#[Buckets =           20, SubBuckets     =         2048]

50th Percentile : 
82
90th Percentile : 
146
95th Percentile : 
223
99th Percentile : 
533
99.9th Percentile : 
738
99.99th Percentile : 
738
99.999th Percentile : 
738
