Recorded latencies [in milli seconds]:
Workload Type : workload_H
Request/ Invocation/ DB Operation Type : HTTP_update
Recorded completion times :
[60, 221, 87, 70, 43, 59, 52, 35, 36, 137, 58, 56, 65, 64, 79, 149, 71, 158, 66, 60, 47, 81, 79, 164, 78, 79, 73, 94, 56, 168, 89, 61, 54, 69, 72, 77, 66, 85, 68, 74, 79, 68, 78, 115, 80, 80, 56, 58, 73, 40, 46, 155, 68, 180, 253, 51, 90, 99, 101, 141, 228, 104, 131, 259, 104, 57, 97, 76, 124, 112, 125, 188, 119, 109, 214, 110, 117, 129, 192, 160, 110, 107, 110, 234, 658, 543, 388, 346, 224, 760, 664, 356, 385, 551, 209, 357, 557, 367, 490, 58, 81, 261, 190, 102, 98, 92, 66, 241, 84, 68, 65, 52, 56, 78, 62, 38, 154, 70, 61, 82, 172, 87, 69, 60, 74, 74, 58, 77, 45, 57, 162, 66, 47, 74, 68, 62, 71, 49, 86, 75, 55, 57, 67, 54, 68, 74, 58, 54, 51, 82, 75, 51, 73, 75, 49, 40, 73, 50, 55, 72, 70, 68, 75, 68, 55, 76, 59, 55, 64, 72, 64, 74, 67, 105, 56, 56, 56, 104, 44, 58, 65, 74, 50, 75, 77, 46, 55, 68, 65, 57, 55, 56, 72, 52, 59, 55, 74, 62, 84, 56, 69, 70, 65, 64, 84, 92, 66, 69, 60, 73, 64, 51, 73, 76, 65, 56, 86, 55, 62, 62, 86, 70, 56, 67, 73, 55, 74, 77, 69, 56, 52, 62, 82, 70, 84, 83, 69, 78, 68, 63, 70, 55, 72, 48, 54, 59, 62, 69, 83, 82, 79, 134, 67, 85, 66, 81, 81, 54, 68, 48, 47, 40, 55, 74, 74, 67, 65, 88, 84, 92, 86, 77, 46, 57, 54, 75, 50, 53, 56, 68, 38, 57, 75, 65, 75, 79, 66, 62, 85, 178, 51, 44, 55, 61, 52, 59, 59, 168, 71, 67, 86, 70, 72, 89, 35, 38, 39, 38, 38, 41, 46, 54, 114, 178, 88, 130, 206, 70, 65, 74, 55, 211, 87, 185, 81, 56, 61, 57, 51, 58, 143, 58, 74, 109, 79, 202, 46, 260, 180, 160, 177, 279, 131, 109, 166, 123, 258, 161, 118, 82, 139, 119, 105, 113, 181, 87, 150, 250, 145, 122, 100, 130, 134, 126, 125, 145, 143, 113, 108, 103, 78, 86, 130, 304, 197, 689, 460, 488, 636, 340, 765, 582, 357, 641, 489, 546, 171, 86, 179, 171, 121, 118, 118, 227, 103, 117, 125, 123, 90, 104, 160, 287, 196, 172, 252, 95, 41, 85, 64, 65, 60, 75, 54, 64, 43, 54, 60, 70, 58, 52, 60, 77, 77, 51, 53, 70, 152, 66, 52, 79, 64, 38, 49, 51, 56, 58, 65, 51, 68, 56, 69, 80, 67, 52, 74, 62, 56, 61, 57, 69, 79, 65, 51, 54, 112, 63, 83, 62, 64, 67, 65, 58, 59, 73, 47, 71, 57, 74, 53, 160, 77, 64, 63, 64, 63, 84, 60, 70, 43, 47, 57, 52, 38, 54, 59, 75, 57, 54, 63, 87, 62, 66, 69, 67, 64, 65, 57, 56, 58, 60]

Histogram Distribution : 
       Value     Percentile TotalCount 1/(1-Percentile)

      35.000 0.000000000000          2           1.00
      51.000 0.100000000000         50           1.11
      56.000 0.200000000000        105           1.25
      61.000 0.300000000000        151           1.43
      66.000 0.400000000000        202           1.67
      71.000 0.500000000000        250           2.00
      74.000 0.550000000000        279           2.22
      77.000 0.600000000000        300           2.50
      82.000 0.650000000000        327           2.86
      87.000 0.700000000000        352           3.33
     104.000 0.750000000000        375           4.00
     113.000 0.775000000000        389           4.44
     122.000 0.800000000000        400           5.00
     131.000 0.825000000000        413           5.71
     152.000 0.850000000000        425           6.67
     168.000 0.875000000000        438           8.00
     178.000 0.887500000000        445           8.89
     185.000 0.900000000000        450          10.00
     206.000 0.912500000000        457          11.43
     227.000 0.925000000000        463          13.33
     253.000 0.937500000000        469          16.00
     260.000 0.943750000000        472          17.78
     287.000 0.950000000000        475          20.00
     356.000 0.956250000000        479          22.86
     367.000 0.962500000000        482          26.67
     460.000 0.968750000000        485          32.00
     488.000 0.971875000000        486          35.56
     490.000 0.975000000000        488          40.00
     546.000 0.978125000000        490          45.71
     551.000 0.981250000000        491          53.33
     582.000 0.984375000000        493          64.00
     582.000 0.985937500000        493          71.11
     636.000 0.987500000000        494          80.00
     641.000 0.989062500000        495          91.43
     658.000 0.990625000000        496         106.67
     664.000 0.992187500000        497         128.00
     664.000 0.992968750000        497         142.22
     664.000 0.993750000000        497         160.00
     689.000 0.994531250000        498         182.86
     689.000 0.995312500000        498         213.33
     760.000 0.996093750000        499         256.00
     760.000 0.996484375000        499         284.44
     760.000 0.996875000000        499         320.00
     760.000 0.997265625000        499         365.71
     760.000 0.997656250000        499         426.67
     765.000 0.998046875000        500         512.00
     765.000 1.000000000000        500
#[Mean    =      107.208, StdDeviation   =      107.058]
#[Max     =      765.000, Total count    =          500]
#[Buckets =           20, SubBuckets     =         2048]

50th Percentile : 
71
90th Percentile : 
185
95th Percentile : 
287
99th Percentile : 
641
99.9th Percentile : 
765
99.99th Percentile : 
765
99.999th Percentile : 
765
