Recorded latencies [in milli seconds]:
Workload Type : workload_C
Request/ Invocation/ DB Operation Type : SL_getAllCourses
Recorded completion times :
[96, 7, 5, 9, 7, 7, 5, 49, 5, 5, 6, 5, 54, 22, 18, 57, 24, 14, 15, 56, 5, 6, 7, 6, 60, 20, 13, 61, 15, 16, 71, 17, 28, 11, 9, 50, 13, 7, 6, 8, 7, 15, 7, 49, 7, 10, 7, 6, 51, 23, 17, 69, 6, 5, 5, 5, 5, 47, 7, 6, 6, 9, 49, 9, 5, 4, 4, 5, 7, 47, 4, 4, 5, 5, 8, 45, 63, 18, 12, 53, 15, 17, 56, 6, 7, 9, 6, 6, 46, 11, 10, 52, 25, 12, 58, 17, 30, 56, 9, 7, 13, 8, 10, 7, 50, 10, 10, 57, 12, 10, 58, 11, 11, 63, 14, 11, 57, 12, 12, 16, 53, 16, 14, 55, 12, 11, 56, 24, 16, 53, 7, 6, 6, 6, 8, 8, 6, 6, 51, 11, 9, 53, 15, 12, 58, 13, 16, 54, 7, 7, 7, 9, 50, 7, 5, 4, 4, 3, 5, 8, 8, 5, 4, 5, 4, 6, 5, 5, 4, 48, 6, 5, 4, 4, 4, 4, 5, 4, 8, 7, 5, 55, 11, 13, 14, 50, 16, 17, 57, 7, 15, 10, 5, 5, 7, 50, 3, 4, 4, 5, 4, 7, 6, 50, 12, 16, 54, 20, 15, 54, 11, 11, 11, 12, 57, 4, 4, 48, 5, 7, 55, 6, 5, 4, 4, 4, 4, 4, 4, 4, 4, 5, 4, 8, 7, 4, 4, 5, 5, 8, 5, 5, 5, 5, 57, 15, 17, 55, 7, 6, 5, 5, 11, 6, 5, 48, 5, 4, 4, 4, 4, 3, 4, 5, 6, 4, 6, 4, 4, 4, 4, 4, 44, 6, 7, 4, 47, 15, 19, 54, 13, 10, 11, 57, 15, 11, 16, 59, 12, 12, 13, 54, 16, 17, 55, 6, 4, 47, 17, 16, 56, 23, 11, 12, 51, 5, 5, 53, 22, 14, 58, 13, 14, 55, 6, 7, 48, 5, 6, 4, 4, 5, 5, 52, 11, 14, 57, 17, 17, 68, 15, 15, 56, 13, 12, 10, 27, 59, 4, 4, 4, 13, 8, 47, 4, 6, 5, 9, 6, 4, 4, 5, 4, 4, 4, 4, 8, 5, 6, 6, 6, 3, 4, 4, 47, 19, 13, 13, 9, 49, 4, 5, 5, 11, 9, 47, 5, 6, 47, 8, 5, 6, 5, 46, 5, 5, 4, 4, 4, 3, 4, 4, 4, 3, 4, 4, 3, 50, 4, 5, 5, 7, 5, 5, 8, 7, 6, 50, 11, 11, 52, 10, 12, 10, 9, 54, 10, 8, 8, 10, 10, 54, 16, 16, 11, 16, 12, 55, 10, 10, 20, 53, 12, 11, 12, 57, 13, 19, 52, 6, 6, 5, 4, 4, 4, 4, 4, 4, 5, 5, 9, 5, 44, 4, 4, 4, 6, 6, 4, 6, 44, 7, 4, 49, 4, 4, 5, 4, 5, 4, 7, 6, 5, 48, 4, 7, 5, 11, 4, 3, 68, 11, 10, 49, 15, 14, 57, 13, 10, 10, 53, 11, 16, 12, 12, 14, 11, 8, 6, 54]

Histogram Distribution : 
       Value     Percentile TotalCount 1/(1-Percentile)

       3.000 0.000000000000          8           1.00
       4.000 0.100000000000         92           1.11
       5.000 0.200000000000        159           1.25
       5.000 0.300000000000        159           1.43
       6.000 0.400000000000        202           1.67
       8.000 0.500000000000        252           2.00
      10.000 0.550000000000        284           2.22
      11.000 0.600000000000        309           2.50
      12.000 0.650000000000        328           2.86
      14.000 0.700000000000        351           3.33
      16.000 0.750000000000        378           4.00
      17.000 0.775000000000        388           4.44
      23.000 0.800000000000        400           5.00
      47.000 0.825000000000        420           5.71
      48.000 0.850000000000        425           6.67
      50.000 0.875000000000        439           8.00
      52.000 0.887500000000        446           8.89
      53.000 0.900000000000        453          10.00
      54.000 0.912500000000        462          11.43
      55.000 0.925000000000        469          13.33
      55.000 0.937500000000        469          16.00
      56.000 0.943750000000        475          17.78
      56.000 0.950000000000        475          20.00
      57.000 0.956250000000        485          22.86
      57.000 0.962500000000        485          26.67
      57.000 0.968750000000        485          32.00
      58.000 0.971875000000        489          35.56
      58.000 0.975000000000        489          40.00
      59.000 0.978125000000        491          45.71
      59.000 0.981250000000        491          53.33
      61.000 0.984375000000        493          64.00
      61.000 0.985937500000        493          71.11
      63.000 0.987500000000        495          80.00
      63.000 0.989062500000        495          91.43
      68.000 0.990625000000        497         106.67
      68.000 0.992187500000        497         128.00
      68.000 0.992968750000        497         142.22
      68.000 0.993750000000        497         160.00
      69.000 0.994531250000        498         182.86
      69.000 0.995312500000        498         213.33
      71.000 0.996093750000        499         256.00
      71.000 0.996484375000        499         284.44
      71.000 0.996875000000        499         320.00
      71.000 0.997265625000        499         365.71
      71.000 0.997656250000        499         426.67
      96.000 0.998046875000        500         512.00
      96.000 1.000000000000        500
#[Mean    =       16.970, StdDeviation   =       18.513]
#[Max     =       96.000, Total count    =          500]
#[Buckets =           20, SubBuckets     =         2048]

50th Percentile : 
8
90th Percentile : 
53
95th Percentile : 
56
99th Percentile : 
63
99.9th Percentile : 
96
99.99th Percentile : 
96
99.999th Percentile : 
96
