Recorded latencies [in milli seconds]:
Workload Type : workload_E
Request/ Invocation/ DB Operation Type : HTTP_delete
Recorded completion times :
[959, 158, 396, 596, 311, 156, 107, 97, 163, 228, 117, 154, 122, 139, 120, 141, 226, 148, 171, 171, 245, 137, 375, 164, 170, 174, 140, 125, 126, 197, 182, 134, 148, 99, 156, 110, 168, 189, 200, 177, 134, 156, 107, 261, 111, 149, 158, 176, 104, 138, 141, 203, 160, 134, 119, 141, 74, 94, 101, 113, 235, 140, 219, 85, 139, 154, 113, 87, 95, 75, 135, 69, 155, 84, 57, 145, 77, 123, 205, 103, 96, 88, 86, 188, 126, 129, 84, 103, 113, 244, 174, 73, 57, 108, 72, 76, 132, 67, 70, 117, 86, 105, 109, 80, 70, 126, 73, 76, 68, 110, 80, 90, 122, 71, 60, 97, 61, 73, 106, 43, 50, 94, 80, 66, 105, 78, 78, 79, 102, 71, 71, 113, 150, 76, 125, 74, 67, 114, 71, 75, 121, 91, 76, 173, 117, 79, 73, 39, 92, 61, 55, 99, 57, 70, 109, 65, 88, 190, 73, 54, 88, 43, 67, 96, 60, 69, 127, 80, 71, 79, 169, 96, 69, 144, 165, 66, 69, 117, 60, 65, 105, 73, 56, 99, 67, 59, 110, 68, 62, 104, 72, 55, 93, 78, 56, 99, 56, 56, 94, 64, 91, 103, 74, 69, 100, 171, 70, 112, 129, 72, 108, 70, 68, 90, 184, 95, 117, 80, 88, 165, 91, 122, 143, 207, 84, 113, 55, 59, 96, 57, 57, 97, 72, 65, 108, 147, 68, 105, 76, 78, 111, 77, 58, 127, 71, 67, 96, 134, 58, 98, 74, 52, 110, 70, 62, 97, 151, 64, 99, 56, 50, 99, 46, 54, 96, 147, 53, 102, 68, 65, 111, 89, 72, 103, 54, 56, 94, 62, 63, 98, 59, 54, 141, 60, 65, 122, 69, 56, 94, 59, 53, 94, 77, 343, 478, 56, 47, 85, 161, 67, 116, 129, 67, 106, 59, 89, 135, 67, 58, 97, 132, 46, 102, 65, 56, 97, 148, 69, 99, 62, 42, 87, 66, 65, 101, 69, 54, 96, 64, 60, 103, 83, 63, 108, 76, 56, 119, 170, 135, 108, 187, 151, 195, 159, 204, 133, 133, 111, 210, 143, 106, 203, 103, 63, 69, 111, 76, 85, 160, 118, 97, 146, 123, 115, 200, 285, 130, 161, 125, 105, 134, 115, 91, 370, 252, 195, 151, 166, 295, 226, 162, 109, 159, 130, 360, 267, 351, 181, 186, 124, 199, 158, 205, 352, 228, 289, 829, 342, 501, 267, 141, 117, 339, 114, 68, 109, 121, 49, 100, 64, 97, 107, 56, 103, 138, 88, 113, 73, 67, 117, 67, 57, 108, 63, 64, 103, 152, 66, 86, 49, 44, 88, 60, 51, 88, 53, 62, 87, 141, 144, 63, 199, 264, 54, 59, 59, 68, 64, 67, 55, 66, 60, 110, 68, 78, 64, 71, 63, 66, 82, 54, 66, 58, 66, 56, 52, 60, 54, 66, 51, 44, 50, 43, 67, 59, 56, 57, 57, 52, 71, 110, 146, 74, 128, 74, 77, 69, 73]

Histogram Distribution : 
       Value     Percentile TotalCount 1/(1-Percentile)

      39.000 0.000000000000          1           1.00
      57.000 0.100000000000         56           1.11
      65.000 0.200000000000        103           1.25
      70.000 0.300000000000        148           1.43
      79.000 0.400000000000        196           1.67
      96.000 0.500000000000        247           2.00
     102.000 0.550000000000        271           2.22
     108.000 0.600000000000        298           2.50
     113.000 0.650000000000        320           2.86
     122.000 0.700000000000        342           3.33
     134.000 0.750000000000        368           4.00
     141.000 0.775000000000        384           4.44
     146.000 0.800000000000        391           5.00
     154.000 0.825000000000        404           5.71
     160.000 0.850000000000        415           6.67
     170.000 0.875000000000        427           8.00
     176.000 0.887500000000        434           8.89
     187.000 0.900000000000        440          10.00
     197.000 0.912500000000        446          11.43
     203.000 0.925000000000        452          13.33
     219.000 0.937500000000        458          16.00
     228.000 0.943750000000        462          17.78
     244.000 0.950000000000        464          20.00
     261.000 0.956250000000        467          22.86
     267.000 0.962500000000        470          26.67
     295.000 0.968750000000        473          32.00
     339.000 0.971875000000        475          35.56
     342.000 0.975000000000        476          40.00
     351.000 0.978125000000        478          45.71
     352.000 0.981250000000        479          53.33
     370.000 0.984375000000        481          64.00
     375.000 0.985937500000        482          71.11
     375.000 0.987500000000        482          80.00
     396.000 0.989062500000        483          91.43
     478.000 0.990625000000        484         106.67
     501.000 0.992187500000        485         128.00
     501.000 0.992968750000        485         142.22
     501.000 0.993750000000        485         160.00
     596.000 0.994531250000        486         182.86
     596.000 0.995312500000        486         213.33
     829.000 0.996093750000        487         256.00
     829.000 0.996484375000        487         284.44
     829.000 0.996875000000        487         320.00
     829.000 0.997265625000        487         365.71
     829.000 0.997656250000        487         426.67
     959.000 0.998046875000        488         512.00
     959.000 1.000000000000        488
#[Mean    =      115.041, StdDeviation   =       84.180]
#[Max     =      959.000, Total count    =          488]
#[Buckets =           20, SubBuckets     =         2048]

50th Percentile : 
96
90th Percentile : 
187
95th Percentile : 
244
99th Percentile : 
478
99.9th Percentile : 
959
99.99th Percentile : 
959
99.999th Percentile : 
959
