Recorded latencies [in milli seconds]:
Workload Type : workload_H
Request/ Invocation/ DB Operation Type : DB_saveCourse
Recorded completion times :
[36, 101, 49, 36, 39, 29, 50, 36, 29, 45, 55, 48, 48, 52, 41, 137, 48, 41, 43, 42, 30, 29, 35, 35, 45, 36, 36, 29, 41, 34, 31, 47, 31, 33, 53, 43, 45, 33, 29, 40, 63, 31, 42, 57, 42, 44, 43, 43, 45, 50, 91, 52, 41, 51, 48, 49, 56, 32, 43, 28, 29, 42, 46, 37, 41, 38, 29, 50, 34, 35, 38, 46, 34, 50, 37, 35, 35, 49, 37, 34, 43, 50, 49, 43, 47, 46, 42, 44, 52, 40, 46, 325, 43, 40, 46, 34, 29, 43, 36, 35, 40, 31, 35, 32, 29, 36, 39, 30, 40, 40, 38, 61, 48, 65, 48, 50, 47, 88, 47, 45, 47, 47, 45, 47, 43, 46, 44, 47, 47, 45, 46, 36, 38, 36, 41, 37, 37, 36, 28, 38, 40, 31, 31, 37, 35, 36, 52, 37, 67, 42, 45, 45, 114, 42, 50, 54, 47, 49, 51, 44, 46, 48, 52, 159, 49, 51, 68, 30, 170, 33, 36, 42, 29, 31, 169, 38, 33, 49, 29, 37, 41, 38, 30, 30, 46, 35, 36, 62, 49, 43, 52, 40, 40, 125, 59, 44, 53, 47, 60, 60, 40, 60, 57, 35, 28, 37, 30, 36, 39, 50, 37, 37, 53, 32, 37, 49, 28, 39, 44, 37, 39, 50, 63, 40, 64, 40, 50, 60, 49, 46, 47, 44, 47, 195, 49, 50, 102, 49, 38, 58, 37, 33, 39, 83, 33, 34, 51, 36, 37, 35, 35, 33, 41, 30, 34, 42, 35, 38, 60, 32, 35, 46, 49, 40, 54, 50, 48, 184, 50, 41, 54, 48, 41, 32, 39, 38, 74, 36, 36, 39, 36, 37, 28, 42, 29, 35, 42, 28, 31, 36, 36, 41, 39, 39, 39, 33, 44, 38, 39, 41, 45, 46, 50, 55, 48, 49, 126, 44, 41, 34, 29, 38, 44, 36, 33, 42, 63, 218, 47, 29, 29, 175, 38, 34, 39, 38, 35, 75, 34, 34, 47, 39, 31, 154, 48, 40, 44, 42, 46, 55, 44, 43, 51, 50, 87, 41, 39, 38, 44, 33, 31, 44, 32, 36, 40, 30, 40, 43, 30, 35, 43, 39, 47, 54, 42, 91, 64, 78, 117, 215, 321, 209, 69, 136, 129, 122, 174, 84, 97, 57, 79, 86, 63, 105, 189, 76, 68, 70, 96, 80, 76, 64, 71, 218, 87, 84, 78, 89, 99, 87, 83, 224, 80, 81, 60, 393, 313, 86, 70, 104, 76, 87, 131, 403, 491, 223, 713, 178, 224, 154, 75, 173, 233, 436, 465, 402, 419, 205, 120, 159, 246, 68, 106, 528, 145, 370, 47, 41, 42, 40, 50, 42, 37, 104, 46, 36, 38, 30, 45, 43, 46, 80, 56, 49, 42, 89, 46, 44, 44, 33, 29, 36, 47, 46, 49, 31, 37, 39, 31, 36, 31, 37, 41, 46, 35, 37, 31, 30, 30, 37, 37, 36, 36, 48, 41, 53, 50, 49, 42, 43, 40, 45, 45, 74, 49, 35, 31, 38, 35, 37]

Histogram Distribution : 
       Value     Percentile TotalCount 1/(1-Percentile)

      28.000 0.000000000000          6           1.00
      32.000 0.100000000000         55           1.11
      36.000 0.200000000000        124           1.25
      38.000 0.300000000000        164           1.43
      41.000 0.400000000000        216           1.67
      43.000 0.500000000000        250           2.00
      45.000 0.550000000000        279           2.22
      47.000 0.600000000000        315           2.50
      48.000 0.650000000000        327           2.86
      50.000 0.700000000000        362           3.33
      53.000 0.750000000000        377           4.00
      57.000 0.775000000000        389           4.44
      63.000 0.800000000000        403           5.00
      70.000 0.825000000000        414           5.71
      79.000 0.850000000000        425           6.67
      87.000 0.875000000000        439           8.00
      91.000 0.887500000000        444           8.89
     104.000 0.900000000000        451          10.00
     122.000 0.912500000000        457          11.43
     137.000 0.925000000000        463          13.33
     169.000 0.937500000000        469          16.00
     174.000 0.943750000000        472          17.78
     184.000 0.950000000000        475          20.00
     209.000 0.956250000000        479          22.86
     218.000 0.962500000000        482          26.67
     224.000 0.968750000000        485          32.00
     233.000 0.971875000000        486          35.56
     313.000 0.975000000000        488          40.00
     325.000 0.978125000000        490          45.71
     370.000 0.981250000000        491          53.33
     402.000 0.984375000000        493          64.00
     402.000 0.985937500000        493          71.11
     403.000 0.987500000000        494          80.00
     419.000 0.989062500000        495          91.43
     436.000 0.990625000000        496         106.67
     465.000 0.992187500000        497         128.00
     465.000 0.992968750000        497         142.22
     465.000 0.993750000000        497         160.00
     491.000 0.994531250000        498         182.86
     491.000 0.995312500000        498         213.33
     528.000 0.996093750000        499         256.00
     528.000 0.996484375000        499         284.44
     528.000 0.996875000000        499         320.00
     528.000 0.997265625000        499         365.71
     528.000 0.997656250000        499         426.67
     713.000 0.998046875000        500         512.00
     713.000 1.000000000000        500
#[Mean    =       64.360, StdDeviation   =       71.752]
#[Max     =      713.000, Total count    =          500]
#[Buckets =           20, SubBuckets     =         2048]

50th Percentile : 
43
90th Percentile : 
104
95th Percentile : 
184
99th Percentile : 
419
99.9th Percentile : 
713
99.99th Percentile : 
713
99.999th Percentile : 
713
