Recorded latencies [in milli seconds]:
Workload Type : workload_G
Request/ Invocation/ DB Operation Type : SL_updateCourse
Recorded completion times :
[293, 82, 55, 56, 57, 58, 61, 56, 103, 71, 40, 45, 66, 47, 43, 64, 67, 68, 45, 80, 61, 48, 41, 48, 49, 56, 66, 60, 50, 52, 103, 74, 55, 107, 66, 60, 65, 69, 48, 45, 62, 58, 50, 44, 90, 62, 58, 52, 55, 45, 52, 43, 40, 40, 88, 172, 60, 65, 67, 59, 78, 59, 59, 47, 49, 44, 60, 58, 81, 59, 44, 56, 54, 151, 61, 57, 62, 52, 93, 51, 55, 55, 48, 40, 60, 60, 45, 127, 63, 54, 63, 67, 66, 84, 52, 99, 65, 142, 72, 63, 54, 56, 69, 52, 54, 59, 53, 39, 38, 45, 33, 78, 70, 72, 46, 86, 56, 64, 83, 70, 148, 161, 231, 87, 62, 51, 143, 84, 67, 75, 60, 141, 44, 60, 61, 54, 64, 60, 72, 39, 49, 49, 60, 89, 118, 58, 45, 59, 82, 79, 76, 85, 74, 69, 71, 73, 79, 48, 53, 65, 95, 67, 57, 67, 64, 59, 49, 368, 67, 37, 78, 63, 87, 62, 105, 60, 69, 55, 64, 68, 39, 44, 60, 80, 61, 83, 57, 43, 72, 60, 55, 51, 81, 58, 65, 51, 48, 48, 95, 56, 52, 96, 53, 47, 95, 76, 52, 98, 66, 52, 51, 48, 47, 52, 89, 101, 41, 46, 62, 36, 41, 54, 67, 46, 58, 74, 77, 48, 53, 65, 69, 64, 77, 75, 56, 75, 73, 93, 65, 73, 72, 76, 76, 63, 44, 72, 48, 69, 98, 60, 38, 45, 60, 60, 60, 123, 60, 72, 41, 101, 67, 57, 131, 107, 131, 161, 71, 165, 122, 141, 159, 92, 145, 107, 125, 98, 105, 98, 92, 208, 86, 128, 131, 78, 116, 146, 117, 97, 173, 103, 149, 85, 68, 108, 169, 68, 96, 203, 175, 100, 133, 108, 127, 277, 261, 737, 337, 430, 378, 250, 281, 119, 183, 557, 334, 178, 77, 105, 111, 85, 63, 43, 50, 47, 90, 61, 65, 71, 59, 48, 62, 57, 66, 65, 114, 64, 54, 73, 64, 95, 60, 78, 106, 50, 53, 84, 63, 50, 43, 46, 37, 62, 90, 50, 311, 101, 104, 120, 43, 75, 68, 59, 61, 54, 80, 55, 87, 60, 46, 49, 156, 66, 55, 46, 56, 56, 86, 61, 48, 39, 41, 84, 46, 38, 80, 60, 56, 44, 57, 47, 38, 35, 99, 66, 56, 59, 57, 53, 82, 48, 48, 64, 48, 64, 81, 84, 109, 112, 158, 108, 152, 195, 127, 152, 102, 128, 76, 107, 117, 167, 95, 90, 102, 144, 146, 138, 84, 120, 72, 74, 208, 97, 146, 116, 95, 77, 102, 109, 86, 145, 82, 218, 86, 108, 96, 84, 130, 100, 82, 71, 100, 65, 94, 131, 142, 89, 95, 99, 98, 113, 138, 147, 155, 112, 97, 170, 147, 106, 130, 330, 186, 209, 408, 234, 306, 557, 533, 514, 189, 293, 287, 671, 180, 118, 135, 182, 76, 187]

Histogram Distribution : 
       Value     Percentile TotalCount 1/(1-Percentile)

      33.000 0.000000000000          1           1.00
      46.000 0.100000000000         50           1.11
      52.000 0.200000000000         98           1.25
      58.000 0.300000000000        148           1.43
      63.000 0.400000000000        202           1.67
      68.000 0.500000000000        244           2.00
      73.000 0.550000000000        269           2.22
      79.000 0.600000000000        294           2.50
      85.000 0.650000000000        318           2.86
      95.000 0.700000000000        346           3.33
     101.000 0.750000000000        366           4.00
     107.000 0.775000000000        382           4.44
     112.000 0.800000000000        391           5.00
     122.000 0.825000000000        403           5.71
     131.000 0.850000000000        416           6.67
     145.000 0.875000000000        428           8.00
     148.000 0.887500000000        434           8.89
     156.000 0.900000000000        440          10.00
     167.000 0.912500000000        446          11.43
     178.000 0.925000000000        452          13.33
     189.000 0.937500000000        458          16.00
     208.000 0.943750000000        462          17.78
     218.000 0.950000000000        464          20.00
     250.000 0.956250000000        467          22.86
     281.000 0.962500000000        470          26.67
     293.000 0.968750000000        473          32.00
     311.000 0.971875000000        475          35.56
     330.000 0.975000000000        476          40.00
     337.000 0.978125000000        478          45.71
     368.000 0.981250000000        479          53.33
     408.000 0.984375000000        481          64.00
     430.000 0.985937500000        482          71.11
     430.000 0.987500000000        482          80.00
     514.000 0.989062500000        483          91.43
     533.000 0.990625000000        484         106.67
     557.000 0.992187500000        486         128.00
     557.000 0.992968750000        486         142.22
     557.000 0.993750000000        486         160.00
     557.000 0.994531250000        486         182.86
     557.000 0.995312500000        486         213.33
     671.000 0.996093750000        487         256.00
     671.000 0.996484375000        487         284.44
     671.000 0.996875000000        487         320.00
     671.000 0.997265625000        487         365.71
     671.000 0.997656250000        487         426.67
     737.000 0.998046875000        488         512.00
     737.000 1.000000000000        488
#[Mean    =       94.693, StdDeviation   =       80.421]
#[Max     =      737.000, Total count    =          488]
#[Buckets =           20, SubBuckets     =         2048]

50th Percentile : 
68
90th Percentile : 
156
95th Percentile : 
218
99th Percentile : 
533
99.9th Percentile : 
737
99.99th Percentile : 
737
99.999th Percentile : 
737
