Recorded latencies [in milli seconds]:
Workload Type : workload_H
Request/ Invocation/ DB Operation Type : HTTP_create
Recorded completion times :
[551, 128, 76, 64, 77, 110, 77, 73, 103, 82, 90, 82, 133, 89, 79, 198, 86, 116, 78, 100, 69, 62, 74, 112, 78, 70, 79, 109, 75, 68, 114, 86, 66, 69, 74, 116, 73, 71, 108, 90, 102, 70, 115, 86, 67, 123, 77, 90, 84, 81, 168, 92, 80, 107, 87, 81, 139, 69, 82, 65, 109, 124, 81, 84, 86, 78, 97, 83, 67, 116, 72, 78, 109, 85, 64, 45, 97, 77, 74, 77, 115, 82, 84, 119, 97, 70, 67, 112, 89, 69, 118, 360, 70, 106, 77, 71, 101, 73, 68, 110, 66, 58, 111, 66, 57, 109, 70, 66, 121, 76, 68, 133, 80, 98, 122, 77, 83, 162, 80, 83, 62, 106, 74, 85, 79, 120, 81, 98, 70, 58, 118, 65, 66, 109, 70, 64, 111, 67, 58, 109, 67, 50, 97, 68, 64, 106, 83, 66, 138, 71, 80, 115, 140, 75, 120, 79, 78, 121, 79, 86, 82, 127, 85, 186, 123, 81, 99, 104, 197, 64, 116, 73, 63, 97, 196, 67, 109, 79, 68, 109, 72, 64, 99, 65, 73, 43, 86, 81, 77, 123, 86, 66, 107, 151, 86, 112, 80, 78, 134, 87, 67, 137, 87, 65, 102, 64, 57, 78, 109, 80, 67, 108, 79, 68, 110, 77, 56, 108, 73, 63, 110, 81, 90, 107, 91, 68, 121, 90, 83, 117, 78, 75, 104, 210, 79, 120, 133, 79, 132, 69, 51, 60, 111, 110, 70, 107, 77, 68, 111, 70, 66, 108, 67, 54, 103, 86, 54, 106, 87, 65, 99, 74, 80, 116, 81, 77, 117, 205, 77, 108, 80, 79, 109, 59, 65, 110, 102, 68, 112, 67, 73, 70, 98, 69, 65, 113, 66, 55, 103, 71, 59, 110, 68, 69, 69, 99, 72, 69, 110, 101, 56, 55, 107, 81, 79, 117, 144, 69, 109, 62, 54, 109, 77, 57, 98, 70, 89, 288, 79, 61, 98, 196, 69, 103, 58, 61, 107, 95, 45, 99, 78, 63, 97, 181, 79, 103, 56, 61, 121, 81, 78, 123, 79, 76, 157, 69, 64, 108, 68, 56, 98, 67, 56, 104, 63, 57, 111, 71, 61, 88, 50, 46, 102, 85, 61, 149, 96, 109, 186, 239, 342, 281, 113, 156, 142, 197, 202, 106, 182, 83, 99, 156, 93, 139, 258, 105, 101, 139, 122, 101, 148, 101, 98, 281, 98, 95, 145, 113, 122, 158, 111, 247, 153, 104, 86, 459, 340, 110, 134, 129, 104, 152, 150, 430, 553, 239, 738, 240, 243, 179, 140, 197, 256, 508, 496, 432, 473, 223, 136, 210, 260, 95, 175, 873, 176, 389, 92, 70, 85, 102, 67, 86, 60, 295, 154, 43, 47, 50, 90, 63, 67, 318, 67, 64, 65, 110, 68, 66, 67, 56, 55, 55, 68, 69, 75, 61, 63, 69, 51, 70, 55, 64, 67, 73, 50, 56, 57, 55, 56, 60, 49, 57, 61, 81, 75, 87, 79, 76, 64, 70, 148, 62, 68, 103, 83, 72, 66, 75, 57, 68]

Histogram Distribution : 
       Value     Percentile TotalCount 1/(1-Percentile)

      43.000 0.000000000000          2           1.00
      61.000 0.100000000000         53           1.11
      67.000 0.200000000000        109           1.25
      70.000 0.300000000000        152           1.43
      78.000 0.400000000000        207           1.67
      83.000 0.500000000000        253           2.00
      87.000 0.550000000000        277           2.22
      97.000 0.600000000000        301           2.50
     102.000 0.650000000000        326           2.86
     108.000 0.700000000000        355           3.33
     110.000 0.750000000000        378           4.00
     112.000 0.775000000000        388           4.44
     116.000 0.800000000000        400           5.00
     121.000 0.825000000000        413           5.71
     132.000 0.850000000000        425           6.67
     140.000 0.875000000000        438           8.00
     149.000 0.887500000000        444           8.89
     156.000 0.900000000000        451          10.00
     176.000 0.912500000000        457          11.43
     196.000 0.925000000000        464          13.33
     202.000 0.937500000000        469          16.00
     210.000 0.943750000000        472          17.78
     239.000 0.950000000000        475          20.00
     256.000 0.956250000000        479          22.86
     281.000 0.962500000000        483          26.67
     295.000 0.968750000000        485          32.00
     318.000 0.971875000000        486          35.56
     342.000 0.975000000000        488          40.00
     389.000 0.978125000000        490          45.71
     430.000 0.981250000000        491          53.33
     459.000 0.984375000000        493          64.00
     459.000 0.985937500000        493          71.11
     473.000 0.987500000000        494          80.00
     496.000 0.989062500000        495          91.43
     508.000 0.990625000000        496         106.67
     551.000 0.992187500000        497         128.00
     551.000 0.992968750000        497         142.22
     551.000 0.993750000000        497         160.00
     553.000 0.994531250000        498         182.86
     553.000 0.995312500000        498         213.33
     738.000 0.996093750000        499         256.00
     738.000 0.996484375000        499         284.44
     738.000 0.996875000000        499         320.00
     738.000 0.997265625000        499         365.71
     738.000 0.997656250000        499         426.67
     873.000 0.998046875000        500         512.00
     873.000 1.000000000000        500
#[Mean    =      107.038, StdDeviation   =       81.868]
#[Max     =      873.000, Total count    =          500]
#[Buckets =           20, SubBuckets     =         2048]

50th Percentile : 
83
90th Percentile : 
156
95th Percentile : 
239
99th Percentile : 
496
99.9th Percentile : 
873
99.99th Percentile : 
873
99.999th Percentile : 
873
