Recorded latencies [in milli seconds]:
Workload Type : workload_E
Request/ Invocation/ DB Operation Type : DB_deleteCourseById
Recorded completion times :
[184, 74, 222, 229, 91, 270, 447, 382, 223, 399, 363, 416, 301, 401, 37, 39, 31, 45, 35, 32, 47, 60, 48, 53, 47, 50, 42, 50, 42, 87, 38, 38, 43, 58, 37, 34, 30, 34, 32, 33, 34, 33, 37, 42, 35, 42, 55, 40, 58, 81, 48, 49, 46, 40, 47, 44, 59, 83, 44, 47, 48, 52, 93, 43, 46, 32, 34, 34, 37, 44, 40, 35, 36, 49, 29, 34, 30, 37, 39, 33, 37, 36, 35, 31, 56, 50, 42, 51, 43, 40, 44, 52, 61, 44, 57, 198, 56, 99, 37, 62, 46, 111, 68, 55, 33, 51, 43, 61, 50, 55, 51, 61, 51, 49, 63, 51, 64, 70, 78, 48, 61, 39, 90, 61, 46, 45, 60, 45, 38, 45, 47, 46, 41, 37, 33, 63, 46, 45, 104, 36, 47, 59, 38, 44, 55, 66, 95, 109, 98, 241, 85, 67, 96, 33, 58, 45, 62, 33, 71, 37, 39, 61, 163, 40, 37, 51, 39, 44, 53, 104, 51, 54, 67, 88, 54, 51, 73, 48, 60, 59, 128, 101, 80, 59, 56, 40, 107, 100, 44, 60, 48, 45, 52, 38, 52, 53, 49, 53, 62, 48, 53, 71, 54, 57, 47, 52, 70, 40, 44, 64, 37, 61, 277, 65, 42, 64, 48, 46, 46, 61, 41, 53, 74, 72, 52, 68, 46, 57, 41, 43, 57, 58, 47, 61, 126, 59, 50, 93, 53, 34, 57, 70, 166, 114, 48, 36, 49, 38, 40, 148, 54, 41, 33, 65, 94, 46, 36, 67, 41, 53, 211, 104, 89, 57, 64, 56, 54, 60, 56, 53, 48, 90, 71, 73, 59, 93, 113, 56, 59, 123, 63, 32, 37, 36, 32, 29, 38, 70, 63, 39, 48, 48, 39, 39, 44, 39, 44, 42, 39, 46, 33, 48, 47, 40, 36, 33, 181, 36, 33, 34, 37, 37, 34, 36, 37, 86, 37, 65, 126, 33, 37, 48, 72, 32, 40, 83, 82, 151, 92, 48, 40, 39, 46, 60, 38, 104, 595, 59, 38, 30, 36, 37, 38, 35, 34, 39, 37, 37, 31, 36, 36, 50, 37, 38, 69, 47, 49, 42, 48, 46, 49, 45, 39, 47, 60, 41, 40, 31, 41, 31, 31, 53, 172, 72, 38, 33, 93, 41, 36, 78, 41, 77, 72, 33, 85, 150, 85, 94, 121, 133, 147, 179, 128, 145, 91, 117, 188, 299, 123, 93, 108, 119, 178, 181, 150, 124, 138, 103, 166, 141, 206, 114, 156, 140, 120, 218, 184, 112, 117, 138, 113, 84, 124, 173, 114, 188, 233, 119, 158, 149, 593, 553, 836, 529, 548, 485, 915, 1020, 302, 291, 129, 230, 104, 134, 166, 257, 250, 261, 74, 176, 351, 100, 91, 114, 96, 55, 116, 165, 96, 172, 178, 114, 51, 92]

Histogram Distribution : 
       Value     Percentile TotalCount 1/(1-Percentile)

      29.000 0.000000000000          2           1.00
      36.000 0.100000000000         59           1.11
      39.000 0.200000000000        105           1.25
      44.000 0.300000000000        150           1.43
      48.000 0.400000000000        198           1.67
      53.000 0.500000000000        236           2.00
      57.000 0.550000000000        258           2.22
      61.000 0.600000000000        286           2.50
      67.000 0.650000000000        304           2.86
      78.000 0.700000000000        326           3.33
      93.000 0.750000000000        351           4.00
     100.000 0.775000000000        361           4.44
     111.000 0.800000000000        372           5.00
     117.000 0.825000000000        383           5.71
     128.000 0.850000000000        395           6.67
     149.000 0.875000000000        406           8.00
     163.000 0.887500000000        412           8.89
     172.000 0.900000000000        418          10.00
     181.000 0.912500000000        425          11.43
     198.000 0.925000000000        430          13.33
     223.000 0.937500000000        435          16.00
     233.000 0.943750000000        438          17.78
     257.000 0.950000000000        441          20.00
     277.000 0.956250000000        444          22.86
     301.000 0.962500000000        447          26.67
     363.000 0.968750000000        450          32.00
     382.000 0.971875000000        451          35.56
     401.000 0.975000000000        453          40.00
     416.000 0.978125000000        454          45.71
     485.000 0.981250000000        456          53.33
     529.000 0.984375000000        457          64.00
     548.000 0.985937500000        458          71.11
     553.000 0.987500000000        459          80.00
     553.000 0.989062500000        459          91.43
     593.000 0.990625000000        460         106.67
     595.000 0.992187500000        461         128.00
     595.000 0.992968750000        461         142.22
     836.000 0.993750000000        462         160.00
     836.000 0.994531250000        462         182.86
     836.000 0.995312500000        462         213.33
     915.000 0.996093750000        463         256.00
     915.000 0.996484375000        463         284.44
     915.000 0.996875000000        463         320.00
     915.000 0.997265625000        463         365.71
     915.000 0.997656250000        463         426.67
    1020.000 0.998046875000        464         512.00
    1020.000 1.000000000000        464
#[Mean    =       89.453, StdDeviation   =      107.634]
#[Max     =     1020.000, Total count    =          464]
#[Buckets =           20, SubBuckets     =         2048]

50th Percentile : 
53
90th Percentile : 
172
95th Percentile : 
257
99th Percentile : 
593
99.9th Percentile : 
1020
99.99th Percentile : 
1020
99.999th Percentile : 
1020
