Recorded latencies [in milli seconds]:
Workload Type : workload_F
Request/ Invocation/ DB Operation Type : SL_deleteCourseById
Recorded completion times :
[91, 59, 64, 81, 176, 158, 133, 97, 54, 81, 123, 63, 58, 92, 141, 60, 100, 125, 55, 52, 96, 49, 42, 71, 35, 41, 96, 45, 50, 80, 51, 78, 118, 46, 39, 86, 52, 44, 102, 53, 42, 118, 58, 69, 105, 97, 58, 100, 80, 60, 119, 87, 62, 95, 52, 56, 87, 63, 44, 89, 47, 49, 86, 95, 40, 40, 88, 61, 50, 102, 61, 53, 90, 124, 48, 80, 61, 36, 85, 45, 83, 105, 86, 59, 80, 101, 76, 66, 105, 68, 55, 101, 82, 82, 89, 60, 57, 88, 50, 59, 84, 58, 46, 89, 52, 53, 90, 59, 57, 91, 54, 51, 93, 129, 58, 90, 58, 54, 137, 75, 67, 148, 71, 61, 102, 66, 58, 98, 88, 55, 56, 91, 62, 61, 97, 59, 44, 94, 68, 49, 83, 60, 54, 97, 61, 43, 94, 45, 56, 88, 73, 560, 277, 91, 45, 44, 105, 70, 80, 109, 459, 291, 90, 348, 156, 147, 504, 68, 142, 375, 292, 89, 225, 390, 398, 458, 452, 299, 383, 267, 62, 50, 84, 52, 72, 80, 57, 47, 89, 51, 56, 95, 66, 62, 108, 58, 60, 99, 140, 65, 105, 53, 48, 87, 48, 36, 88, 74, 47, 90, 70, 46, 103, 55, 47, 101, 67, 37, 105, 144, 90, 98, 83, 77, 51, 91, 63, 56, 93, 53, 58, 99, 61, 59, 111, 65, 58, 101, 60, 81, 104, 55, 45, 81, 56, 52, 90, 49, 47, 89, 59, 48, 97, 59, 45, 92, 63, 52, 89, 95, 51, 80, 47, 49, 95, 57, 107, 104, 68, 55, 107, 68, 51, 94, 61, 53, 97, 61, 45, 103, 51, 72, 85, 62, 48, 95, 60, 43, 94, 51, 53, 89, 82, 48, 88, 62, 99, 97, 71, 60, 100, 61, 53, 87, 61, 82, 111, 60, 57, 107, 66, 58, 98, 61, 60, 100, 72, 66, 86, 56, 43, 87, 52, 49, 93, 68, 48, 89, 72, 64, 119, 61, 57, 121, 61, 55, 111, 58, 60, 99, 51, 57, 96, 118, 65, 91, 47, 50, 93, 130, 46, 102, 47, 47, 89, 49, 57, 88, 134, 52, 93, 80, 59, 56, 99, 64, 58, 102, 84, 61, 104, 64, 58, 115, 101, 68, 110, 69, 50, 96, 46, 48, 88, 53, 50, 84, 137, 47, 89, 52, 47, 90, 76, 67, 112, 64, 48, 104, 59, 61, 100, 60, 59, 125, 60, 93, 118, 64, 61, 94, 46, 60, 99, 53, 46, 88, 52, 46, 89, 43, 46, 90, 52, 56, 92, 133, 48, 92, 72, 43, 85, 33, 46, 96, 58, 48, 93, 59, 56, 103, 62, 60, 105, 63, 57, 101, 85, 59, 98, 65, 46, 88, 69, 93, 101, 53, 46, 94, 52, 60, 97, 48, 44, 83, 52, 59, 90, 88, 45, 93, 41, 42, 84, 105, 59, 96, 61, 59, 99, 61, 60, 142, 61, 50, 93, 93, 48, 88, 56, 45, 87, 56, 45, 89, 53, 45, 87, 121, 58, 101]

Histogram Distribution : 
       Value     Percentile TotalCount 1/(1-Percentile)

      33.000 0.000000000000          1           1.00
      47.000 0.100000000000         57           1.11
      52.000 0.200000000000        108           1.25
      57.000 0.300000000000        152           1.43
      60.000 0.400000000000        201           1.67
      67.000 0.500000000000        251           2.00
      76.000 0.550000000000        276           2.22
      84.000 0.600000000000        303           2.50
      88.000 0.650000000000        330           2.86
      90.000 0.700000000000        353           3.33
      94.000 0.750000000000        380           4.00
      96.000 0.775000000000        392           4.44
      97.000 0.800000000000        400           5.00
     100.000 0.825000000000        416           5.71
     102.000 0.850000000000        429           6.67
     105.000 0.875000000000        444           8.00
     105.000 0.887500000000        444           8.89
     110.000 0.900000000000        450          10.00
     118.000 0.912500000000        459          11.43
     121.000 0.925000000000        463          13.33
     130.000 0.937500000000        469          16.00
     134.000 0.943750000000        472          17.78
     140.000 0.950000000000        475          20.00
     144.000 0.956250000000        479          22.86
     156.000 0.962500000000        482          26.67
     225.000 0.968750000000        485          32.00
     267.000 0.971875000000        486          35.56
     291.000 0.975000000000        488          40.00
     299.000 0.978125000000        490          45.71
     348.000 0.981250000000        491          53.33
     383.000 0.984375000000        493          64.00
     383.000 0.985937500000        493          71.11
     390.000 0.987500000000        494          80.00
     398.000 0.989062500000        495          91.43
     452.000 0.990625000000        496         106.67
     458.000 0.992187500000        497         128.00
     458.000 0.992968750000        497         142.22
     458.000 0.993750000000        497         160.00
     459.000 0.994531250000        498         182.86
     459.000 0.995312500000        498         213.33
     504.000 0.996093750000        499         256.00
     504.000 0.996484375000        499         284.44
     504.000 0.996875000000        499         320.00
     504.000 0.997265625000        499         365.71
     504.000 0.997656250000        499         426.67
     560.000 0.998046875000        500         512.00
     560.000 1.000000000000        500
#[Mean    =       83.686, StdDeviation   =       60.467]
#[Max     =      560.000, Total count    =          500]
#[Buckets =           20, SubBuckets     =         2048]

50th Percentile : 
67
90th Percentile : 
110
95th Percentile : 
140
99th Percentile : 
398
99.9th Percentile : 
560
99.99th Percentile : 
560
99.999th Percentile : 
560
