Recorded latencies [in milli seconds]:
Workload Type : workload_B
Request/ Invocation/ DB Operation Type : HTTP_create
Recorded completion times :
[773, 112, 154, 117, 104, 121, 208, 90, 116, 121, 123, 67, 67, 80, 66, 98, 83, 75, 90, 84, 122, 117, 247, 109, 87, 77, 109, 78, 86, 71, 96, 91, 148, 73, 67, 64, 107, 80, 78, 73, 77, 319, 116, 165, 96, 48, 46, 100, 76, 64, 80, 57, 108, 146, 92, 76, 108, 93, 85, 61, 88, 57, 79, 81, 106, 88, 67, 71, 164, 78, 72, 74, 99, 48, 55, 135, 49, 65, 119, 81, 80, 61, 125, 96, 62, 79, 75, 111, 80, 99, 130, 92, 86, 169, 86, 67, 65, 101, 87, 92, 63, 98, 74, 61, 98, 81, 75, 177, 82, 132, 78, 120, 81, 79, 120, 91, 79, 76, 88, 57, 68, 76, 105, 60, 57, 104, 43, 60, 69, 100, 81, 67, 137, 64, 66, 109, 79, 67, 110, 80, 63, 101, 77, 63, 104, 149, 72, 111, 85, 74, 118, 83, 74, 120, 72, 79, 116, 61, 67, 98, 67, 57, 102, 78, 66, 109, 75, 51, 89, 49, 77, 114, 81, 67, 110, 78, 68, 107, 70, 68, 119, 80, 75, 123, 75, 79, 118, 81, 77, 122, 89, 64, 127, 88, 78, 110, 76, 68, 95, 71, 57, 119, 80, 69, 111, 78, 64, 103, 80, 63, 114, 76, 67, 109, 81, 64, 108, 81, 69, 109, 76, 68, 115, 163, 78, 115, 95, 82, 59, 114, 78, 68, 97, 71, 64, 101, 60, 42, 95, 58, 69, 107, 80, 68, 112, 78, 53, 97, 58, 94, 118, 92, 76, 118, 80, 86, 115, 78, 76, 108, 72, 80, 117, 59, 76, 120, 111, 68, 56, 99, 69, 65, 102, 75, 56, 106, 71, 64, 100, 70, 65, 99, 80, 67, 96, 62, 44, 88, 53, 68, 108, 73, 56, 106, 80, 76, 109, 82, 83, 77, 105, 69, 66, 98, 59, 65, 96, 138, 70, 118, 78, 67, 96, 59, 54, 112, 67, 56, 100, 77, 56, 127, 68, 57, 98, 59, 188, 659, 85, 90, 119, 162, 125, 162, 121, 110, 172, 106, 102, 174, 114, 112, 114, 111, 83, 80, 114, 136, 125, 95, 177, 112, 150, 156, 98, 137, 129, 99, 89, 187, 104, 111, 107, 108, 128, 173, 155, 92, 144, 101, 117, 133, 132, 121, 114, 83, 127, 225, 121, 140, 134, 144, 327, 593, 772, 581, 321, 293, 699, 254, 147, 122, 133, 230, 291, 163, 163, 258, 189, 140, 172, 95, 114, 146, 237, 61, 246, 54, 55, 60, 73, 79, 73, 56, 59, 52, 58, 55, 70, 53, 70, 67, 44, 228, 69, 60, 84, 70, 47, 43, 52, 57, 224, 84, 83, 75, 61, 56, 55, 56, 110, 88, 69, 144, 64, 85, 85, 55, 64, 55, 55, 59, 64, 68, 56, 68, 67, 64, 57, 56, 66, 62, 54, 45, 43, 44, 50, 63, 81, 58, 63, 89, 61, 67, 66, 72, 88, 77, 79, 77, 139, 78, 83, 64, 70, 55, 78, 69, 52, 58, 57, 63, 58, 64, 60, 66, 63, 69, 64, 69]

Histogram Distribution : 
       Value     Percentile TotalCount 1/(1-Percentile)

      42.000 0.000000000000          1           1.00
      57.000 0.100000000000         53           1.11
      64.000 0.200000000000        105           1.25
      69.000 0.300000000000        157           1.43
      76.000 0.400000000000        202           1.67
      80.000 0.500000000000        250           2.00
      85.000 0.550000000000        278           2.22
      91.000 0.600000000000        300           2.50
      98.000 0.650000000000        327           2.86
     105.000 0.700000000000        350           3.33
     110.000 0.750000000000        376           4.00
     114.000 0.775000000000        395           4.44
     116.000 0.800000000000        401           5.00
     119.000 0.825000000000        414           5.71
     122.000 0.850000000000        426           6.67
     132.000 0.875000000000        439           8.00
     136.000 0.887500000000        444           8.89
     140.000 0.900000000000        450          10.00
     148.000 0.912500000000        457          11.43
     162.000 0.925000000000        464          13.33
     165.000 0.937500000000        469          16.00
     172.000 0.943750000000        472          17.78
     177.000 0.950000000000        476          20.00
     189.000 0.956250000000        479          22.86
     225.000 0.962500000000        482          26.67
     237.000 0.968750000000        485          32.00
     246.000 0.971875000000        486          35.56
     254.000 0.975000000000        488          40.00
     291.000 0.978125000000        490          45.71
     293.000 0.981250000000        491          53.33
     321.000 0.984375000000        493          64.00
     321.000 0.985937500000        493          71.11
     327.000 0.987500000000        494          80.00
     581.000 0.989062500000        495          91.43
     593.000 0.990625000000        496         106.67
     659.000 0.992187500000        497         128.00
     659.000 0.992968750000        497         142.22
     659.000 0.993750000000        497         160.00
     699.000 0.994531250000        498         182.86
     699.000 0.995312500000        498         213.33
     772.000 0.996093750000        499         256.00
     772.000 0.996484375000        499         284.44
     772.000 0.996875000000        499         320.00
     772.000 0.997265625000        499         365.71
     772.000 0.997656250000        499         426.67
     773.000 0.998046875000        500         512.00
     773.000 1.000000000000        500
#[Mean    =      100.396, StdDeviation   =       76.633]
#[Max     =      773.000, Total count    =          500]
#[Buckets =           20, SubBuckets     =         2048]

50th Percentile : 
80
90th Percentile : 
140
95th Percentile : 
177
99th Percentile : 
581
99.9th Percentile : 
773
99.99th Percentile : 
773
99.999th Percentile : 
773
