Recorded latencies [in milli seconds]:
Workload Type : workload_E
Request/ Invocation/ DB Operation Type : DB_deleteCourseById
Recorded completion times :
[99, 40, 42, 39, 45, 53, 53, 43, 44, 49, 43, 69, 41, 40, 32, 30, 30, 117, 42, 107, 65, 96, 31, 238, 43, 41, 48, 42, 50, 50, 46, 110, 46, 44, 45, 32, 35, 32, 35, 31, 41, 35, 38, 38, 36, 37, 32, 36, 40, 35, 35, 37, 34, 48, 50, 50, 71, 52, 46, 47, 62, 54, 60, 47, 47, 98, 86, 44, 35, 51, 36, 35, 36, 37, 51, 35, 31, 46, 63, 29, 37, 50, 29, 136, 38, 55, 46, 39, 36, 60, 48, 47, 41, 45, 44, 50, 46, 42, 46, 45, 44, 104, 50, 44, 65, 41, 35, 47, 32, 160, 51, 64, 52, 42, 33, 30, 39, 37, 49, 47, 38, 33, 48, 34, 39, 43, 51, 55, 51, 44, 58, 46, 50, 41, 91, 50, 50, 62, 60, 46, 72, 44, 31, 51, 34, 62, 46, 43, 34, 34, 31, 33, 31, 54, 40, 30, 45, 37, 40, 62, 49, 48, 49, 45, 46, 46, 53, 45, 42, 65, 52, 43, 49, 49, 48, 79, 54, 44, 41, 44, 40, 59, 34, 34, 36, 34, 69, 73, 80, 203, 43, 51, 38, 38, 37, 43, 80, 36, 50, 63, 72, 47, 47, 42, 43, 43, 43, 94, 50, 49, 51, 36, 35, 37, 30, 35, 64, 36, 36, 44, 30, 36, 35, 36, 34, 47, 35, 34, 46, 49, 52, 52, 37, 32, 35, 38, 30, 52, 49, 43, 44, 46, 43, 47, 42, 94, 48, 43, 30, 42, 39, 31, 30, 543, 59, 33, 43, 40, 38, 47, 32, 33, 50, 28, 29, 38, 74, 35, 54, 39, 49, 61, 42, 47, 52, 45, 50, 50, 51, 66, 38, 30, 32, 36, 31, 31, 43, 33, 39, 44, 33, 36, 31, 38, 31, 43, 36, 39, 54, 35, 40, 43, 36, 38, 50, 28, 27, 42, 46, 46, 149, 46, 40, 44, 32, 60, 36, 32, 31, 40, 46, 37, 46, 39, 33, 62, 44, 28, 38, 37, 30, 43, 36, 37, 37, 51, 30, 66, 55, 43, 40, 57, 41, 43, 51, 65, 42, 55, 45, 48, 53, 46, 39, 31, 32, 36, 29, 144, 30, 48, 49, 44, 49, 46, 45, 54, 51, 50, 55, 45, 72, 51, 41, 36, 196, 60, 82, 156, 95, 107, 96, 60, 121, 108, 49, 159, 92, 95, 76, 113, 113, 40, 45, 43, 104, 132, 78, 85, 81, 58, 67, 67, 55, 181, 87, 80, 118, 72, 70, 81, 60, 67, 102, 129, 95, 92, 122, 82, 62, 101, 158, 135, 91, 90, 93, 79, 411, 461, 596, 862, 469, 234, 91, 74, 191, 108, 141, 124, 65, 72, 65, 138, 66, 68, 45, 38, 41, 43, 41, 56, 51, 80, 45, 125, 57, 172, 433, 47, 42, 45, 42, 218, 61, 145, 134, 50, 67, 68, 84, 182, 50, 38, 31, 66, 37, 39, 36, 61, 88, 41, 38, 30, 45, 34, 34, 32, 37, 37, 45, 41, 42, 56, 47, 48, 46, 46, 49, 46, 43]

Histogram Distribution : 
       Value     Percentile TotalCount 1/(1-Percentile)

      27.000 0.000000000000          1           1.00
      33.000 0.100000000000         56           1.11
      36.000 0.200000000000        105           1.25
      40.000 0.300000000000        160           1.43
      43.000 0.400000000000        212           1.67
      46.000 0.500000000000        269           2.00
      47.000 0.550000000000        283           2.22
      49.000 0.600000000000        307           2.50
      50.000 0.650000000000        326           2.86
      53.000 0.700000000000        351           3.33
      60.000 0.750000000000        378           4.00
      62.000 0.775000000000        387           4.44
      66.000 0.800000000000        401           5.00
      72.000 0.825000000000        416           5.71
      80.000 0.850000000000        427           6.67
      90.000 0.875000000000        437           8.00
      93.000 0.887500000000        443           8.89
      96.000 0.900000000000        450          10.00
     104.000 0.912500000000        456          11.43
     113.000 0.925000000000        463          13.33
     124.000 0.937500000000        468          16.00
     132.000 0.943750000000        471          17.78
     138.000 0.950000000000        475          20.00
     145.000 0.956250000000        478          22.86
     158.000 0.962500000000        481          26.67
     172.000 0.968750000000        484          32.00
     181.000 0.971875000000        485          35.56
     191.000 0.975000000000        487          40.00
     203.000 0.978125000000        489          45.71
     218.000 0.981250000000        490          53.33
     238.000 0.984375000000        492          64.00
     238.000 0.985937500000        492          71.11
     411.000 0.987500000000        493          80.00
     433.000 0.989062500000        494          91.43
     461.000 0.990625000000        495         106.67
     469.000 0.992187500000        496         128.00
     469.000 0.992968750000        496         142.22
     469.000 0.993750000000        496         160.00
     543.000 0.994531250000        497         182.86
     543.000 0.995312500000        497         213.33
     596.000 0.996093750000        498         256.00
     596.000 0.996484375000        498         284.44
     596.000 0.996875000000        498         320.00
     596.000 0.997265625000        498         365.71
     596.000 0.997656250000        498         426.67
     862.000 0.998046875000        499         512.00
     862.000 1.000000000000        499
#[Mean    =       62.234, StdDeviation   =       67.230]
#[Max     =      862.000, Total count    =          499]
#[Buckets =           20, SubBuckets     =         2048]

50th Percentile : 
46
90th Percentile : 
96
95th Percentile : 
138
99th Percentile : 
461
99.9th Percentile : 
862
99.99th Percentile : 
862
99.999th Percentile : 
862
