Recorded latencies [in milli seconds]:
Workload Type : workload_E
Request/ Invocation/ DB Operation Type : SL_deleteCourseById
Recorded completion times :
[259, 49, 58, 49, 60, 107, 67, 57, 104, 64, 59, 92, 105, 58, 58, 48, 39, 173, 62, 121, 125, 138, 49, 255, 67, 65, 116, 69, 72, 71, 74, 139, 70, 66, 67, 91, 58, 42, 42, 81, 63, 53, 92, 58, 54, 56, 98, 67, 62, 56, 54, 59, 94, 69, 67, 110, 83, 74, 103, 65, 80, 109, 77, 67, 109, 111, 106, 106, 51, 74, 93, 49, 54, 93, 67, 58, 51, 97, 72, 44, 99, 64, 48, 165, 101, 76, 70, 54, 88, 68, 59, 102, 58, 56, 99, 76, 62, 93, 60, 63, 106, 122, 69, 104, 80, 57, 94, 62, 40, 213, 70, 78, 109, 56, 45, 85, 49, 50, 112, 63, 63, 93, 67, 54, 96, 61, 84, 77, 65, 110, 77, 64, 138, 92, 104, 75, 108, 75, 90, 103, 86, 66, 90, 68, 52, 125, 64, 66, 51, 79, 40, 56, 87, 68, 57, 95, 65, 60, 96, 79, 65, 107, 61, 59, 88, 110, 68, 66, 98, 85, 83, 54, 101, 52, 56, 134, 69, 66, 95, 59, 55, 118, 51, 62, 62, 83, 83, 91, 138, 216, 58, 108, 50, 48, 92, 49, 87, 86, 60, 79, 118, 54, 60, 99, 58, 63, 97, 103, 68, 106, 69, 47, 83, 44, 37, 86, 82, 54, 95, 67, 41, 91, 52, 51, 95, 62, 44, 82, 52, 57, 108, 70, 48, 83, 51, 59, 91, 66, 66, 98, 58, 66, 98, 62, 66, 146, 60, 63, 90, 61, 60, 41, 81, 558, 81, 93, 61, 56, 100, 64, 52, 91, 54, 36, 87, 54, 91, 94, 71, 53, 111, 81, 60, 107, 60, 60, 104, 64, 66, 128, 62, 46, 86, 48, 55, 88, 57, 46, 97, 59, 48, 93, 48, 57, 89, 59, 53, 95, 72, 48, 98, 53, 48, 86, 55, 31, 77, 58, 62, 111, 161, 64, 96, 54, 49, 117, 50, 45, 87, 61, 64, 86, 56, 57, 89, 87, 63, 35, 91, 51, 46, 99, 48, 50, 103, 64, 47, 119, 70, 60, 96, 76, 52, 93, 74, 79, 100, 71, 62, 106, 72, 61, 97, 50, 47, 99, 43, 174, 84, 65, 61, 100, 63, 56, 103, 67, 67, 107, 73, 51, 120, 63, 50, 93, 205, 77, 133, 169, 115, 158, 106, 83, 180, 129, 62, 215, 116, 134, 88, 165, 125, 52, 105, 64, 122, 187, 93, 102, 135, 73, 80, 124, 68, 194, 145, 103, 138, 85, 126, 98, 76, 123, 117, 145, 157, 134, 175, 95, 123, 123, 170, 189, 106, 106, 154, 94, 425, 517, 612, 879, 526, 249, 107, 130, 205, 118, 145, 180, 77, 89, 120, 147, 79, 134, 103, 54, 48, 104, 93, 79, 62, 89, 93, 131, 69, 240, 449, 57, 91, 53, 50, 273, 72, 461, 140, 66, 79, 81, 202, 188, 61, 65, 44, 187, 42, 47, 53, 81, 214, 50, 57, 51, 65, 54, 54, 50, 49, 52, 65, 58, 61, 73, 76, 64, 62, 58, 79, 71, 62]

Histogram Distribution : 
       Value     Percentile TotalCount 1/(1-Percentile)

      31.000 0.000000000000          1           1.00
      50.000 0.100000000000         54           1.11
      56.000 0.200000000000        103           1.25
      61.000 0.300000000000        153           1.43
      66.000 0.400000000000        208           1.67
      74.000 0.500000000000        252           2.00
      80.000 0.550000000000        277           2.22
      86.000 0.600000000000        303           2.50
      91.000 0.650000000000        327           2.86
      95.000 0.700000000000        352           3.33
     101.000 0.750000000000        376           4.00
     104.000 0.775000000000        390           4.44
     106.000 0.800000000000        400           5.00
     110.000 0.825000000000        414           5.71
     118.000 0.850000000000        426           6.67
     125.000 0.875000000000        439           8.00
     130.000 0.887500000000        443           8.89
     135.000 0.900000000000        450          10.00
     140.000 0.912500000000        456          11.43
     154.000 0.925000000000        462          13.33
     169.000 0.937500000000        468          16.00
     174.000 0.943750000000        471          17.78
     187.000 0.950000000000        476          20.00
     189.000 0.956250000000        478          22.86
     205.000 0.962500000000        482          26.67
     214.000 0.968750000000        484          32.00
     215.000 0.971875000000        485          35.56
     240.000 0.975000000000        487          40.00
     255.000 0.978125000000        489          45.71
     259.000 0.981250000000        490          53.33
     425.000 0.984375000000        492          64.00
     425.000 0.985937500000        492          71.11
     449.000 0.987500000000        493          80.00
     461.000 0.989062500000        494          91.43
     517.000 0.990625000000        495         106.67
     526.000 0.992187500000        496         128.00
     526.000 0.992968750000        496         142.22
     526.000 0.993750000000        496         160.00
     558.000 0.994531250000        497         182.86
     558.000 0.995312500000        497         213.33
     612.000 0.996093750000        498         256.00
     612.000 0.996484375000        498         284.44
     612.000 0.996875000000        498         320.00
     612.000 0.997265625000        498         365.71
     612.000 0.997656250000        498         426.67
     879.000 0.998046875000        499         512.00
     879.000 1.000000000000        499
#[Mean    =       91.906, StdDeviation   =       72.094]
#[Max     =      879.000, Total count    =          499]
#[Buckets =           20, SubBuckets     =         2048]

50th Percentile : 
74
90th Percentile : 
135
95th Percentile : 
187
99th Percentile : 
517
99.9th Percentile : 
879
99.99th Percentile : 
879
99.999th Percentile : 
879
