Recorded latencies [in milli seconds]:
Workload Type : workload_A
Request/ Invocation/ DB Operation Type : HTTP_create
Recorded completion times :
[823, 154, 108, 106, 104, 130, 132, 116, 93, 88, 571, 128, 101, 109, 84, 118, 80, 96, 77, 116, 99, 84, 108, 124, 118, 216, 96, 147, 112, 116, 75, 134, 78, 112, 157, 120, 115, 102, 149, 102, 83, 104, 91, 113, 223, 124, 89, 79, 77, 163, 93, 72, 93, 108, 84, 39, 43, 127, 70, 87, 114, 91, 99, 112, 64, 57, 84, 80, 75, 103, 130, 85, 67, 136, 85, 108, 92, 87, 64, 48, 57, 87, 94, 115, 121, 75, 64, 66, 74, 72, 74, 64, 88, 51, 109, 76, 47, 39, 107, 63, 55, 64, 179, 92, 74, 76, 87, 79, 83, 117, 79, 74, 87, 106, 76, 170, 88, 72, 53, 97, 73, 140, 68, 63, 70, 67, 78, 271, 68, 45, 42, 93, 62, 64, 102, 77, 68, 62, 84, 71, 100, 89, 84, 94, 74, 72, 68, 125, 89, 80, 72, 73, 69, 77, 77, 78, 66, 78, 71, 77, 66, 42, 104, 85, 70, 78, 114, 74, 62, 67, 70, 49, 46, 97, 70, 67, 75, 75, 77, 72, 81, 87, 78, 75, 76, 78, 74, 92, 71, 78, 101, 105, 48, 89, 39, 48, 104, 42, 41, 91, 64, 172, 131, 58, 93, 75, 47, 50, 88, 75, 63, 62, 85, 78, 102, 74, 71, 73, 77, 72, 72, 115, 84, 76, 73, 69, 62, 94, 65, 70, 70, 98, 69, 73, 65, 118, 60, 54, 102, 68, 69, 58, 76, 66, 80, 99, 72, 198, 71, 70, 63, 117, 72, 107, 59, 117, 57, 102, 73, 71, 119, 78, 67, 109, 72, 62, 117, 62, 53, 41, 93, 68, 65, 55, 59, 63, 104, 64, 68, 73, 51, 100, 68, 75, 107, 69, 77, 103, 92, 86, 72, 76, 69, 111, 71, 71, 76, 101, 81, 74, 174, 90, 213, 66, 113, 69, 173, 57, 58, 61, 90, 40, 42, 85, 150, 57, 98, 50, 81, 409, 44, 41, 94, 42, 138, 63, 94, 104, 73, 77, 69, 111, 81, 66, 114, 75, 72, 99, 133, 80, 105, 59, 50, 101, 64, 65, 98, 55, 47, 104, 123, 59, 64, 102, 93, 75, 58, 103, 70, 61, 53, 80, 155, 65, 90, 63, 103, 74, 69, 107, 49, 53, 240, 180, 51, 62, 83, 138, 78, 44, 119, 135, 151, 99, 115, 207, 162, 224, 142, 154, 114, 143, 452, 73, 66, 162, 215, 80, 192, 115, 102, 131, 108, 91, 142, 83, 83, 178, 107, 93, 135, 113, 85, 121, 86, 95, 119, 87, 128, 132, 106, 79, 197, 111, 100, 181, 97, 92, 113, 184, 302, 331, 337, 705, 544, 627, 335, 91, 178, 238, 165, 146, 147, 99, 217, 98, 114, 138, 236, 97, 90, 88, 53, 57, 90, 58, 69, 133, 124, 76, 107, 77, 54, 107, 99, 66, 60, 192, 187, 79, 337, 62, 56, 50, 94, 255, 44, 240, 44, 44, 57, 50, 58, 49, 49, 61, 52, 69, 60, 64, 55, 70, 55, 79, 70, 59, 65, 68, 67, 68]

Histogram Distribution : 
       Value     Percentile TotalCount 1/(1-Percentile)

      39.000 0.000000000000          3           1.00
      55.000 0.100000000000         51           1.11
      64.000 0.200000000000        103           1.25
      70.000 0.300000000000        155           1.43
      75.000 0.400000000000        206           1.67
      80.000 0.500000000000        250           2.00
      87.000 0.550000000000        281           2.22
      91.000 0.600000000000        300           2.50
      97.000 0.650000000000        326           2.86
     102.000 0.700000000000        352           3.33
     107.000 0.750000000000        375           4.00
     112.000 0.775000000000        389           4.44
     115.000 0.800000000000        403           5.00
     118.000 0.825000000000        413           5.71
     127.000 0.850000000000        425           6.67
     135.000 0.875000000000        438           8.00
     142.000 0.887500000000        445           8.89
     149.000 0.900000000000        450          10.00
     162.000 0.912500000000        458          11.43
     173.000 0.925000000000        463          13.33
     181.000 0.937500000000        469          16.00
     192.000 0.943750000000        473          17.78
     198.000 0.950000000000        475          20.00
     216.000 0.956250000000        479          22.86
     224.000 0.962500000000        482          26.67
     240.000 0.968750000000        486          32.00
     240.000 0.971875000000        486          35.56
     271.000 0.975000000000        488          40.00
     331.000 0.978125000000        490          45.71
     335.000 0.981250000000        491          53.33
     337.000 0.984375000000        493          64.00
     337.000 0.985937500000        493          71.11
     409.000 0.987500000000        494          80.00
     452.000 0.989062500000        495          91.43
     544.000 0.990625000000        496         106.67
     571.000 0.992187500000        497         128.00
     571.000 0.992968750000        497         142.22
     571.000 0.993750000000        497         160.00
     627.000 0.994531250000        498         182.86
     627.000 0.995312500000        498         213.33
     705.000 0.996093750000        499         256.00
     705.000 0.996484375000        499         284.44
     705.000 0.996875000000        499         320.00
     705.000 0.997265625000        499         365.71
     705.000 0.997656250000        499         426.67
     823.000 0.998046875000        500         512.00
     823.000 1.000000000000        500
#[Mean    =      100.634, StdDeviation   =       75.107]
#[Max     =      823.000, Total count    =          500]
#[Buckets =           20, SubBuckets     =         2048]

50th Percentile : 
80
90th Percentile : 
149
95th Percentile : 
198
99th Percentile : 
452
99.9th Percentile : 
823
99.99th Percentile : 
823
99.999th Percentile : 
823
