Recorded latencies [in milli seconds]:
Workload Type : workload_E
Request/ Invocation/ DB Operation Type : DB_deleteCourseById
Recorded completion times :
[44, 46, 48, 39, 47, 41, 80, 316, 50, 47, 30, 29, 33, 42, 35, 54, 36, 38, 34, 50, 32, 44, 35, 48, 36, 34, 47, 32, 36, 45, 80, 114, 52, 40, 46, 46, 47, 49, 48, 31, 39, 34, 36, 31, 31, 39, 37, 29, 91, 33, 33, 38, 38, 35, 35, 36, 37, 40, 39, 43, 43, 61, 48, 47, 45, 60, 44, 60, 32, 51, 41, 62, 42, 41, 53, 63, 39, 33, 29, 42, 41, 36, 36, 49, 35, 34, 41, 37, 30, 31, 36, 30, 32, 37, 48, 41, 44, 43, 45, 45, 39, 41, 47, 50, 47, 63, 61, 28, 37, 51, 36, 31, 190, 377, 43, 42, 36, 30, 40, 36, 29, 48, 35, 35, 38, 33, 33, 36, 36, 38, 70, 46, 39, 47, 58, 40, 39, 135, 40, 66, 48, 37, 30, 45, 57, 46, 43, 30, 30, 40, 30, 29, 39, 38, 38, 42, 33, 36, 41, 37, 34, 45, 33, 34, 114, 62, 57, 44, 42, 49, 46, 55, 60, 39, 44, 35, 33, 33, 36, 36, 36, 45, 39, 31, 42, 32, 39, 42, 29, 30, 35, 61, 30, 47, 39, 32, 36, 29, 45, 46, 46, 45, 44, 53, 40, 44, 43, 43, 34, 41, 33, 56, 38, 38, 37, 29, 58, 46, 52, 36, 30, 29, 29, 126, 33, 35, 39, 30, 31, 31, 31, 38, 41, 45, 41, 48, 79, 51, 48, 48, 44, 84, 45, 47, 40, 66, 48, 32, 57, 39, 30, 57, 33, 81, 40, 34, 35, 35, 36, 30, 31, 127, 59, 33, 37, 55, 50, 46, 62, 79, 47, 46, 42, 49, 49, 46, 64, 63, 44, 34, 31, 36, 44, 30, 36, 41, 32, 34, 44, 85, 46, 46, 32, 34, 43, 74, 30, 42, 45, 44, 49, 41, 43, 44, 44, 41, 45, 43, 40, 52, 30, 52, 41, 31, 32, 38, 42, 31, 42, 32, 33, 37, 46, 33, 96, 34, 34, 47, 30, 78, 41, 44, 43, 46, 41, 45, 61, 48, 42, 48, 45, 83, 63, 30, 36, 38, 33, 30, 45, 37, 37, 43, 29, 34, 59, 34, 36, 38, 69, 36, 79, 33, 35, 45, 45, 43, 47, 63, 44, 53, 43, 41, 67, 53, 49, 52, 39, 43, 35, 58, 49, 43, 37, 36, 33, 35, 37, 31, 42, 33, 32, 35, 35, 43, 34, 30, 32, 41, 72, 49, 48, 49, 44, 42, 47, 46, 46, 44, 43, 48, 45, 42, 49, 43, 35, 39, 34, 32, 39, 54, 35, 47, 29, 36, 40, 33, 35, 48, 33, 35, 40, 39, 32, 36, 30, 93, 58, 42, 45, 46, 45, 49, 49, 66, 60, 46, 44, 43, 47, 43, 45, 41, 36, 38, 32, 38, 40, 77, 201, 64, 117, 74, 95, 97, 75, 97, 182, 70, 72, 125, 101, 42, 76, 121, 361, 482, 86, 134, 211, 80, 95, 69, 190, 71, 68, 70, 178, 50, 66, 69, 100, 84, 106, 85, 120, 186, 45, 65, 68, 85, 85, 79, 122, 115, 99, 92, 51, 115, 399, 246, 627, 1020, 570, 604, 624, 287, 464, 124, 186, 98, 120, 107, 103, 284, 151, 130, 306, 151, 327, 215, 69, 80, 44, 62, 121, 187, 99, 88, 97, 64, 95, 185, 75, 133, 56, 107, 67, 121, 50, 115, 114, 96, 87, 73, 62, 73, 116, 103, 73, 56, 122, 73, 149, 331, 508, 653, 358, 390, 746, 200, 474, 740, 318, 86, 59, 58, 35, 58, 39, 96, 30, 80, 42, 43, 45, 78, 49, 47, 40, 40, 39, 49, 39, 40, 39, 41, 49, 45, 29, 164, 51, 39, 39, 30, 31, 68, 53, 40, 27, 37, 117, 34, 28, 43, 57, 52, 320, 89, 45, 49, 146, 71, 50, 33, 29, 31, 35, 39, 35, 33, 30, 37, 30, 35, 30, 33, 164, 39, 43, 38, 33, 35, 49, 45, 57, 45, 49, 44, 49, 48, 50, 48, 69, 43, 47, 44, 32, 40, 31, 36, 29, 32, 38, 37, 35, 139, 40, 43, 40, 32, 39, 29, 31, 33, 42, 40, 54, 46, 45, 47, 47, 157, 146, 74, 45, 59, 86, 47, 115, 30, 38, 122, 61, 36, 41, 30, 34, 39, 40, 35, 33, 36, 36, 33, 32, 32, 40, 32, 83, 50, 50, 41, 48, 43, 46, 49, 48, 49, 47, 48, 74, 71, 43, 31, 42, 39, 34, 40, 38, 30, 39, 37, 31, 30, 31, 34, 30, 40, 39, 41, 40, 35, 30, 36, 37, 32, 48, 48, 47, 45, 141, 71, 47, 47, 47, 47, 51, 60, 41, 31, 34, 36, 38, 366, 37, 34, 33, 38, 48, 62, 41, 29, 32, 29, 32, 41, 32, 31, 31, 138, 54, 40, 49, 45, 41, 45, 45, 50, 49, 46, 41, 47, 33, 167, 109, 32, 30, 33, 35, 49, 30, 31, 31, 32, 31, 49, 29, 37, 37, 32, 53, 36, 35, 39, 36, 30, 43, 43, 42, 42, 51, 68, 50, 52, 43, 66, 43]

Histogram Distribution : 
       Value     Percentile TotalCount 1/(1-Percentile)

      27.000 0.000000000000          1           1.00
      31.000 0.100000000000         85           1.11
      34.000 0.200000000000        169           1.25
      37.000 0.300000000000        259           1.43
      40.000 0.400000000000        340           1.67
      43.000 0.500000000000        424           2.00
      45.000 0.550000000000        481           2.22
      46.000 0.600000000000        504           2.50
      48.000 0.650000000000        556           2.86
      49.000 0.700000000000        582           3.33
      56.000 0.750000000000        623           4.00
      60.000 0.775000000000        644           4.44
      64.000 0.800000000000        663           5.00
      70.000 0.825000000000        683           5.71
      78.000 0.850000000000        703           6.67
      86.000 0.875000000000        724           8.00
      96.000 0.887500000000        736           8.89
     103.000 0.900000000000        746          10.00
     115.000 0.912500000000        757          11.43
     121.000 0.925000000000        765          13.33
     135.000 0.937500000000        776          16.00
     146.000 0.943750000000        781          17.78
     164.000 0.950000000000        787          20.00
     185.000 0.956250000000        791          22.86
     190.000 0.962500000000        796          26.67
     284.000 0.968750000000        802          32.00
     306.000 0.971875000000        804          35.56
     320.000 0.975000000000        807          40.00
     331.000 0.978125000000        809          45.71
     366.000 0.981250000000        812          53.33
     399.000 0.984375000000        815          64.00
     464.000 0.985937500000        816          71.11
     474.000 0.987500000000        817          80.00
     482.000 0.989062500000        818          91.43
     570.000 0.990625000000        820         106.67
     604.000 0.992187500000        821         128.00
     624.000 0.992968750000        822         142.22
     624.000 0.993750000000        822         160.00
     627.000 0.994531250000        823         182.86
     653.000 0.995312500000        824         213.33
     653.000 0.996093750000        824         256.00
     740.000 0.996484375000        825         284.44
     740.000 0.996875000000        825         320.00
     740.000 0.997265625000        825         365.71
     746.000 0.997656250000        826         426.67
     746.000 0.998046875000        826         512.00
     746.000 0.998242187500        826         568.89
     746.000 0.998437500000        826         640.00
     746.000 0.998632812500        826         731.43
    1020.000 0.998828125000        827         853.33
    1020.000 1.000000000000        827
#[Mean    =       65.299, StdDeviation   =       85.044]
#[Max     =     1020.000, Total count    =          827]
#[Buckets =           20, SubBuckets     =         2048]

50th Percentile : 
43
90th Percentile : 
103
95th Percentile : 
164
99th Percentile : 
508
99.9th Percentile : 
1020
99.99th Percentile : 
1020
99.999th Percentile : 
1020
