Recorded latencies [in milli seconds]:
Workload Type : workload_C
Request/ Invocation/ DB Operation Type : HTTP_retrieve
Recorded completion times :
[708, 105, 134, 83, 78, 120, 172, 140, 168, 154, 116, 173, 111, 73, 70, 62, 72, 92, 49, 93, 58, 84, 63, 114, 66, 70, 54, 81, 72, 55, 96, 76, 60, 55, 69, 62, 54, 56, 134, 66, 75, 76, 66, 96, 49, 103, 90, 65, 48, 58, 73, 65, 69, 97, 79, 45, 60, 100, 46, 70, 63, 49, 73, 142, 75, 49, 61, 58, 92, 79, 61, 98, 85, 51, 71, 102, 97, 77, 54, 64, 53, 51, 82, 63, 85, 96, 64, 49, 66, 68, 62, 66, 55, 102, 68, 87, 104, 60, 51, 98, 70, 92, 45, 67, 64, 108, 54, 67, 70, 51, 96, 63, 49, 65, 113, 58, 49, 48, 60, 93, 57, 71, 62, 100, 74, 54, 71, 66, 69, 87, 80, 61, 54, 58, 75, 66, 70, 60, 58, 77, 61, 55, 55, 79, 63, 86, 46, 61, 73, 55, 55, 68, 66, 47, 59, 71, 68, 58, 50, 68, 90, 57, 54, 63, 66, 60, 66, 59, 59, 76, 77, 78, 72, 52, 60, 106, 90, 58, 59, 66, 61, 76, 65, 60, 73, 59, 57, 80, 57, 58, 90, 71, 53, 63, 54, 61, 64, 51, 61, 57, 58, 61, 64, 68, 60, 54, 90, 62, 58, 58, 64, 54, 64, 69, 70, 62, 63, 69, 68, 52, 68, 92, 61, 52, 50, 71, 82, 52, 61, 61, 55, 54, 71, 64, 53, 54, 64, 74, 52, 67, 60, 58, 68, 50, 71, 76, 63, 85, 89, 58, 69, 80, 73, 76, 52, 68, 69, 60, 70, 60, 63, 56, 53, 73, 54, 59, 60, 67, 63, 63, 61, 71, 58, 60, 64, 63, 74, 83, 51, 60, 69, 58, 75, 62, 63, 92, 55, 56, 62, 67, 51, 43, 70, 60, 58, 68, 52, 66, 61, 66, 60, 65, 64, 54, 59, 60, 58, 54, 76, 52, 64, 55, 71, 52, 54, 70, 69, 61, 72, 69, 75, 66, 59, 61, 54, 46, 62, 63, 90, 76, 72, 62, 63, 74, 69, 48, 57, 53, 59, 45, 64, 60, 69, 67, 62, 56, 60, 58, 69, 65, 69, 53, 47, 55, 55, 78, 64, 57, 58, 66, 63, 52, 52, 63, 65, 61, 61, 60, 53, 65, 61, 62, 63, 57, 69, 53, 58, 60, 67, 98, 69, 58, 55, 77, 76, 60, 60, 51, 54, 63, 55, 59, 68, 55, 53, 62, 60, 57, 68, 70, 61, 52, 53, 65, 53, 71, 60, 61, 72, 65, 91, 125, 69, 65, 71, 65, 57, 69, 66, 54, 63, 53, 67, 52, 58, 61, 69, 60, 56, 61, 261, 53, 64, 50, 62, 66, 65, 58, 49, 72, 60, 59, 60, 57, 67, 69, 48, 67, 65, 55, 63, 59, 77, 66, 42, 80, 68, 49, 52, 61, 52, 66, 67, 66, 64, 72, 60, 51, 67, 63, 64, 70, 59, 58, 58, 64, 65, 65, 61, 62, 60, 58, 55, 51, 57, 65, 57, 50, 58, 58, 45, 59, 66, 55, 57, 75, 56, 66, 69, 62]

Histogram Distribution : 
       Value     Percentile TotalCount 1/(1-Percentile)

      42.000 0.000000000000          1           1.00
      52.000 0.100000000000         54           1.11
      55.000 0.200000000000        104           1.25
      58.000 0.300000000000        153           1.43
      61.000 0.400000000000        223           1.67
      63.000 0.500000000000        262           2.00
      64.000 0.550000000000        280           2.22
      66.000 0.600000000000        319           2.50
      67.000 0.650000000000        331           2.86
      69.000 0.700000000000        366           3.33
      70.000 0.750000000000        378           4.00
      71.000 0.775000000000        390           4.44
      73.000 0.800000000000        405           5.00
      75.000 0.825000000000        415           5.71
      77.000 0.850000000000        429           6.67
      80.000 0.875000000000        439           8.00
      83.000 0.887500000000        444           8.89
      87.000 0.900000000000        451          10.00
      90.000 0.912500000000        458          11.43
      92.000 0.925000000000        464          13.33
      96.000 0.937500000000        470          16.00
      97.000 0.943750000000        472          17.78
      98.000 0.950000000000        475          20.00
     102.000 0.956250000000        479          22.86
     105.000 0.962500000000        482          26.67
     111.000 0.968750000000        485          32.00
     113.000 0.971875000000        486          35.56
     116.000 0.975000000000        488          40.00
     125.000 0.978125000000        490          45.71
     134.000 0.981250000000        492          53.33
     140.000 0.984375000000        493          64.00
     140.000 0.985937500000        493          71.11
     142.000 0.987500000000        494          80.00
     154.000 0.989062500000        495          91.43
     168.000 0.990625000000        496         106.67
     172.000 0.992187500000        497         128.00
     172.000 0.992968750000        497         142.22
     172.000 0.993750000000        497         160.00
     173.000 0.994531250000        498         182.86
     173.000 0.995312500000        498         213.33
     261.000 0.996093750000        499         256.00
     261.000 0.996484375000        499         284.44
     261.000 0.996875000000        499         320.00
     261.000 0.997265625000        499         365.71
     261.000 0.997656250000        499         426.67
     708.000 0.998046875000        500         512.00
     708.000 1.000000000000        500
#[Mean    =       68.410, StdDeviation   =       34.435]
#[Max     =      708.000, Total count    =          500]
#[Buckets =           20, SubBuckets     =         2048]

50th Percentile : 
63
90th Percentile : 
87
95th Percentile : 
98
99th Percentile : 
154
99.9th Percentile : 
708
99.99th Percentile : 
708
99.999th Percentile : 
708
