Recorded latencies [in milli seconds]:
Workload Type : workload_G
Request/ Invocation/ DB Operation Type : DB_updateCourse
Recorded completion times :
[80, 57, 47, 47, 46, 40, 48, 48, 46, 43, 31, 35, 44, 32, 33, 48, 48, 41, 36, 29, 43, 36, 30, 32, 37, 41, 41, 46, 34, 43, 45, 44, 47, 97, 47, 48, 52, 52, 40, 34, 44, 41, 38, 37, 39, 42, 37, 37, 36, 32, 36, 38, 36, 36, 35, 154, 40, 49, 50, 44, 52, 39, 37, 41, 41, 26, 39, 47, 54, 50, 31, 36, 46, 93, 42, 41, 44, 34, 75, 33, 38, 37, 34, 29, 46, 46, 33, 114, 46, 41, 50, 49, 50, 51, 47, 48, 46, 127, 54, 47, 42, 39, 49, 38, 39, 47, 35, 33, 29, 31, 29, 30, 52, 57, 36, 53, 43, 46, 66, 59, 131, 147, 213, 64, 47, 41, 128, 61, 55, 63, 44, 126, 29, 44, 46, 36, 45, 50, 28, 34, 38, 32, 47, 37, 104, 45, 36, 44, 62, 62, 55, 64, 54, 54, 51, 51, 69, 39, 37, 53, 43, 54, 43, 47, 47, 44, 37, 359, 54, 29, 47, 40, 30, 46, 84, 46, 51, 41, 49, 51, 33, 33, 45, 53, 45, 50, 43, 31, 55, 42, 39, 45, 29, 43, 48, 39, 39, 37, 48, 52, 48, 49, 46, 42, 42, 65, 44, 43, 54, 44, 41, 37, 34, 36, 39, 90, 31, 34, 51, 28, 31, 42, 58, 33, 41, 45, 30, 42, 38, 49, 53, 50, 63, 56, 45, 61, 56, 40, 49, 57, 56, 55, 62, 51, 34, 59, 34, 52, 44, 54, 29, 30, 46, 46, 44, 105, 43, 58, 30, 33, 57, 46, 122, 101, 75, 149, 56, 157, 100, 125, 144, 76, 122, 91, 100, 91, 90, 45, 76, 201, 66, 107, 113, 67, 98, 130, 97, 76, 157, 88, 126, 69, 46, 89, 150, 57, 79, 187, 104, 81, 110, 94, 77, 264, 243, 715, 326, 419, 359, 234, 257, 105, 165, 536, 318, 154, 69, 97, 60, 66, 38, 38, 34, 32, 38, 42, 55, 59, 46, 38, 49, 41, 45, 56, 53, 54, 48, 54, 47, 49, 53, 64, 95, 46, 45, 36, 51, 44, 34, 41, 31, 51, 38, 40, 304, 87, 95, 108, 31, 62, 55, 51, 49, 42, 61, 50, 40, 45, 41, 41, 142, 49, 42, 33, 37, 44, 34, 43, 43, 35, 35, 36, 40, 31, 32, 43, 43, 33, 40, 32, 34, 30, 44, 55, 40, 48, 50, 47, 34, 41, 33, 42, 38, 48, 31, 76, 83, 99, 148, 92, 143, 148, 116, 132, 89, 78, 61, 93, 111, 113, 72, 76, 65, 137, 130, 131, 78, 98, 56, 62, 200, 78, 138, 90, 71, 67, 90, 74, 75, 131, 71, 198, 69, 95, 82, 73, 74, 89, 74, 58, 77, 49, 78, 115, 119, 71, 86, 79, 81, 90, 127, 96, 140, 80, 87, 165, 132, 96, 117, 280, 178, 200, 396, 181, 293, 543, 514, 506, 168, 281, 278, 665, 162, 106, 119, 109, 61, 168]

Histogram Distribution : 
       Value     Percentile TotalCount 1/(1-Percentile)

      26.000 0.000000000000          1           1.00
      34.000 0.100000000000         60           1.11
      38.000 0.200000000000        102           1.25
      42.000 0.300000000000        151           1.43
      46.000 0.400000000000        212           1.67
      49.000 0.500000000000        251           2.00
      51.000 0.550000000000        270           2.22
      55.000 0.600000000000        299           2.50
      61.000 0.650000000000        322           2.86
      69.000 0.700000000000        343           3.33
      79.000 0.750000000000        367           4.00
      89.000 0.775000000000        381           4.44
      93.000 0.800000000000        391           5.00
      99.000 0.825000000000        403           5.71
     110.000 0.850000000000        415           6.67
     125.000 0.875000000000        427           8.00
     130.000 0.887500000000        434           8.89
     137.000 0.900000000000        440          10.00
     147.000 0.912500000000        446          11.43
     154.000 0.925000000000        452          13.33
     168.000 0.937500000000        459          16.00
     181.000 0.943750000000        461          17.78
     200.000 0.950000000000        465          20.00
     213.000 0.956250000000        467          22.86
     257.000 0.962500000000        470          26.67
     280.000 0.968750000000        473          32.00
     293.000 0.971875000000        475          35.56
     304.000 0.975000000000        476          40.00
     326.000 0.978125000000        478          45.71
     359.000 0.981250000000        480          53.33
     396.000 0.984375000000        481          64.00
     419.000 0.985937500000        482          71.11
     419.000 0.987500000000        482          80.00
     506.000 0.989062500000        483          91.43
     514.000 0.990625000000        484         106.67
     536.000 0.992187500000        485         128.00
     536.000 0.992968750000        485         142.22
     536.000 0.993750000000        485         160.00
     543.000 0.994531250000        486         182.86
     543.000 0.995312500000        486         213.33
     665.000 0.996093750000        487         256.00
     665.000 0.996484375000        487         284.44
     665.000 0.996875000000        487         320.00
     665.000 0.997265625000        487         365.71
     665.000 0.997656250000        487         426.67
     715.000 0.998046875000        488         512.00
     715.000 1.000000000000        488
#[Mean    =       76.230, StdDeviation   =       79.496]
#[Max     =      715.000, Total count    =          488]
#[Buckets =           20, SubBuckets     =         2048]

50th Percentile : 
49
90th Percentile : 
137
95th Percentile : 
200
99th Percentile : 
514
99.9th Percentile : 
715
99.99th Percentile : 
715
99.999th Percentile : 
715
