Recorded latencies [in milli seconds]:
Workload Type : workload_E
Request/ Invocation/ DB Operation Type : SL_deleteCourseById
Recorded completion times :
[315, 144, 374, 576, 295, 137, 87, 79, 148, 216, 108, 134, 99, 119, 98, 105, 209, 131, 154, 151, 223, 114, 360, 147, 150, 155, 122, 108, 104, 175, 159, 114, 129, 83, 135, 91, 153, 175, 191, 172, 120, 134, 77, 240, 92, 133, 144, 161, 84, 123, 124, 187, 148, 119, 97, 121, 55, 83, 87, 97, 224, 125, 208, 66, 124, 141, 102, 72, 87, 66, 119, 56, 142, 68, 47, 136, 56, 103, 193, 93, 85, 68, 68, 166, 111, 116, 60, 89, 105, 237, 162, 61, 45, 91, 57, 61, 118, 57, 59, 105, 74, 91, 98, 66, 56, 109, 58, 64, 56, 98, 68, 76, 106, 56, 45, 85, 49, 55, 94, 40, 44, 83, 67, 53, 92, 64, 62, 56, 89, 56, 57, 102, 139, 66, 112, 63, 58, 104, 58, 61, 108, 74, 64, 163, 106, 67, 58, 33, 85, 50, 45, 91, 46, 57, 97, 54, 77, 178, 63, 46, 84, 35, 56, 86, 51, 58, 113, 67, 60, 66, 152, 83, 57, 131, 155, 56, 58, 106, 48, 52, 89, 61, 44, 84, 54, 48, 98, 56, 47, 93, 57, 43, 83, 65, 46, 89, 46, 47, 85, 56, 77, 94, 64, 60, 94, 161, 60, 102, 117, 60, 97, 59, 56, 80, 177, 85, 105, 70, 78, 155, 80, 112, 133, 191, 74, 101, 44, 48, 85, 48, 46, 86, 62, 55, 101, 140, 59, 97, 60, 64, 101, 66, 46, 113, 59, 52, 86, 126, 47, 88, 62, 40, 98, 57, 49, 80, 141, 54, 91, 47, 41, 89, 43, 46, 86, 138, 44, 93, 58, 55, 102, 76, 61, 97, 51, 52, 88, 53, 52, 90, 51, 46, 133, 53, 57, 112, 58, 47, 86, 52, 44, 85, 68, 335, 470, 49, 38, 79, 153, 57, 105, 119, 57, 98, 51, 80, 123, 57, 48, 87, 124, 40, 92, 55, 47, 88, 139, 61, 90, 55, 39, 78, 54, 57, 92, 59, 45, 88, 53, 54, 99, 81, 56, 101, 66, 47, 108, 160, 127, 103, 182, 140, 184, 151, 194, 122, 123, 102, 203, 141, 101, 194, 95, 55, 56, 102, 63, 77, 151, 108, 90, 139, 117, 108, 186, 275, 121, 152, 117, 96, 126, 106, 78, 362, 153, 190, 141, 156, 287, 219, 154, 97, 149, 109, 350, 258, 343, 172, 178, 117, 192, 151, 197, 346, 219, 280, 821, 331, 490, 256, 132, 111, 335, 110, 65, 104, 117, 43, 95, 58, 93, 103, 51, 100, 134, 84, 108, 70, 63, 111, 62, 52, 104, 59, 61, 101, 147, 60, 80, 43, 38, 81, 53, 45, 83, 45, 55, 83, 139, 141, 58, 194, 261, 51, 55, 53, 61, 55, 60, 48, 59, 54, 102, 58, 66, 57, 62, 55, 59, 75, 49, 59, 50, 57, 48, 46, 52, 46, 59, 47, 40, 45, 38, 56, 49, 49, 49, 45, 44, 61, 101, 137, 65, 118, 65, 69, 61, 67]

Histogram Distribution : 
       Value     Percentile TotalCount 1/(1-Percentile)

      33.000 0.000000000000          1           1.00
      48.000 0.100000000000         55           1.11
      55.000 0.200000000000        100           1.25
      59.000 0.300000000000        150           1.43
      67.000 0.400000000000        198           1.67
      85.000 0.500000000000        247           2.00
      91.000 0.550000000000        273           2.22
      97.000 0.600000000000        294           2.50
     103.000 0.650000000000        320           2.86
     109.000 0.700000000000        342           3.33
     120.000 0.750000000000        366           4.00
     126.000 0.775000000000        379           4.44
     135.000 0.800000000000        391           5.00
     141.000 0.825000000000        406           5.71
     150.000 0.850000000000        415           6.67
     155.000 0.875000000000        429           8.00
     161.000 0.887500000000        434           8.89
     175.000 0.900000000000        441          10.00
     184.000 0.912500000000        446          11.43
     192.000 0.925000000000        452          13.33
     203.000 0.937500000000        458          16.00
     216.000 0.943750000000        461          17.78
     223.000 0.950000000000        464          20.00
     240.000 0.956250000000        467          22.86
     261.000 0.962500000000        470          26.67
     287.000 0.968750000000        473          32.00
     315.000 0.971875000000        475          35.56
     331.000 0.975000000000        476          40.00
     335.000 0.978125000000        478          45.71
     343.000 0.981250000000        479          53.33
     350.000 0.984375000000        481          64.00
     360.000 0.985937500000        482          71.11
     360.000 0.987500000000        482          80.00
     362.000 0.989062500000        483          91.43
     374.000 0.990625000000        484         106.67
     470.000 0.992187500000        485         128.00
     470.000 0.992968750000        485         142.22
     470.000 0.993750000000        485         160.00
     490.000 0.994531250000        486         182.86
     490.000 0.995312500000        486         213.33
     576.000 0.996093750000        487         256.00
     576.000 0.996484375000        487         284.44
     576.000 0.996875000000        487         320.00
     576.000 0.997265625000        487         365.71
     576.000 0.997656250000        487         426.67
     821.000 0.998046875000        488         512.00
     821.000 1.000000000000        488
#[Mean    =      102.846, StdDeviation   =       74.846]
#[Max     =      821.000, Total count    =          488]
#[Buckets =           20, SubBuckets     =         2048]

50th Percentile : 
85
90th Percentile : 
175
95th Percentile : 
223
99th Percentile : 
374
99.9th Percentile : 
821
99.99th Percentile : 
821
99.999th Percentile : 
821
