Recorded latencies [in milli seconds]:
Workload Type : workload_G
Request/ Invocation/ DB Operation Type : HTTP_retrieve_by_id
Recorded completion times :
[695, 48, 31, 16, 22, 50, 38, 16, 15, 43, 73, 17, 44, 38, 15, 42, 33, 52, 66, 22, 31, 38, 20, 36, 29, 37, 49, 40, 46, 17, 17, 57, 32, 12, 43, 19, 38, 39, 29, 25, 47, 41, 37, 15, 24, 39, 37, 69, 46, 25, 44, 25, 12, 11, 12, 44, 37, 33, 37, 45, 47, 43, 40, 64, 14, 53, 44, 22, 49, 15, 24, 32, 34, 20, 38, 40, 34, 39, 34, 45, 42, 41, 43, 14, 41, 31, 28, 36, 35, 31, 35, 33, 40, 39, 10, 10, 42, 34, 39, 34, 31, 34, 42, 33, 33, 42, 32, 24, 14, 51, 12, 9, 34, 30, 11, 45, 37, 45, 31, 45, 31, 34, 31, 43, 55, 17, 32, 46, 50, 28, 38, 31, 36, 37, 37, 33, 30, 39, 8, 8, 9, 27, 31, 9, 28, 37, 13, 29, 39, 40, 32, 54, 45, 30, 27, 35, 46, 14, 35, 38, 14, 23, 24, 28, 29, 29, 32, 12, 36, 8, 44, 33, 8, 33, 37, 38, 36, 29, 34, 33, 12, 14, 28, 33, 38, 40, 19, 26, 38, 28, 32, 41, 15, 25, 28, 20, 21, 12, 10, 9, 10, 8, 13, 8, 19, 18, 18, 20, 20, 18, 21, 20, 23, 20, 19, 18, 27, 22, 25, 14, 30, 45, 25, 26, 29, 22, 11, 9, 14, 20, 32, 32, 26, 34, 23, 26, 30, 9, 35, 39, 30, 29, 26, 27, 24, 29, 24, 23, 20, 26, 7, 27, 34, 40, 42, 49, 36, 26, 17, 17, 17, 30, 13, 8, 10, 22, 17, 89, 29, 26, 28, 23, 40, 25, 41, 9, 27, 13, 36, 6, 27, 34, 28, 19, 33, 28, 30, 26, 35, 31, 37, 38, 32, 29, 31, 24, 37, 28, 101, 38, 30, 52, 11, 36, 40, 31, 26, 27, 33, 25, 39, 20, 29, 37, 40, 92, 25, 12, 21, 28, 21, 23, 13, 20, 20, 49, 29, 30, 27, 17, 24, 16, 23, 22, 16, 34, 14, 15, 22, 15, 9, 29, 33, 113, 10, 19, 22, 181, 26, 214, 8, 30, 22, 22, 188, 33, 29, 34, 26, 30, 31, 30, 20, 27, 25, 13, 10, 24, 21, 8, 32, 28, 24, 32, 44, 37, 18, 32, 42, 14, 10, 11, 9, 25, 14, 25, 32, 25, 24, 26, 14, 8, 13, 65, 34, 26, 16, 20, 12, 11, 29, 24, 10, 37, 18, 9, 41, 24, 32, 28, 44, 45, 27, 59, 52, 10, 38, 12, 11, 11, 29, 36, 34, 24, 35, 35, 9, 22, 39, 46, 24, 37, 69, 38, 26, 53, 29, 40, 36, 32, 23, 37, 36, 26, 38, 32, 11, 37, 11, 26, 34, 53, 30, 41, 27, 37, 8, 35, 35, 36, 23, 22, 37, 25, 31, 25, 12, 21, 28, 18, 22, 19, 23, 17, 37, 20, 28, 31, 28, 33, 28, 10, 30, 28, 39, 29, 33, 36]

Histogram Distribution : 
       Value     Percentile TotalCount 1/(1-Percentile)

       6.000 0.000000000000          1           1.00
      12.000 0.100000000000         56           1.11
      18.000 0.200000000000        104           1.25
      23.000 0.300000000000        156           1.43
      26.000 0.400000000000        203           1.67
      29.000 0.500000000000        253           2.00
      31.000 0.550000000000        284           2.22
      32.000 0.600000000000        301           2.50
      34.000 0.650000000000        334           2.86
      35.000 0.700000000000        344           3.33
      37.000 0.750000000000        378           4.00
      38.000 0.775000000000        393           4.44
      38.000 0.800000000000        393           5.00
      39.000 0.825000000000        404           5.71
      40.000 0.850000000000        415           6.67
      42.000 0.875000000000        429           8.00
      43.000 0.887500000000        434           8.89
      44.000 0.900000000000        441          10.00
      45.000 0.912500000000        449          11.43
      46.000 0.925000000000        454          13.33
      49.000 0.937500000000        461          16.00
      49.000 0.943750000000        461          17.78
      51.000 0.950000000000        464          20.00
      52.000 0.956250000000        467          22.86
      53.000 0.962500000000        470          26.67
      57.000 0.968750000000        473          32.00
      64.000 0.971875000000        475          35.56
      65.000 0.975000000000        476          40.00
      69.000 0.978125000000        479          45.71
      69.000 0.981250000000        479          53.33
      89.000 0.984375000000        481          64.00
      92.000 0.985937500000        482          71.11
      92.000 0.987500000000        482          80.00
     101.000 0.989062500000        483          91.43
     113.000 0.990625000000        484         106.67
     181.000 0.992187500000        485         128.00
     181.000 0.992968750000        485         142.22
     181.000 0.993750000000        485         160.00
     188.000 0.994531250000        486         182.86
     188.000 0.995312500000        486         213.33
     214.000 0.996093750000        487         256.00
     214.000 0.996484375000        487         284.44
     214.000 0.996875000000        487         320.00
     214.000 0.997265625000        487         365.71
     214.000 0.997656250000        487         426.67
     695.000 0.998046875000        488         512.00
     695.000 1.000000000000        488
#[Mean    =       31.568, StdDeviation   =       35.385]
#[Max     =      695.000, Total count    =          488]
#[Buckets =           20, SubBuckets     =         2048]

50th Percentile : 
29
90th Percentile : 
44
95th Percentile : 
51
99th Percentile : 
113
99.9th Percentile : 
695
99.99th Percentile : 
695
99.999th Percentile : 
695
