Recorded latencies [in milli seconds]:
Workload Type : workload_B
Request/ Invocation/ DB Operation Type : SL_saveCourse
Recorded completion times :
[208, 98, 127, 101, 88, 103, 183, 59, 99, 107, 104, 50, 50, 59, 43, 82, 60, 55, 68, 63, 101, 85, 224, 81, 64, 60, 89, 58, 53, 51, 85, 69, 125, 53, 47, 48, 88, 53, 54, 48, 70, 309, 88, 141, 91, 43, 41, 87, 56, 47, 64, 48, 103, 136, 73, 67, 98, 76, 60, 47, 84, 45, 59, 56, 90, 65, 50, 51, 147, 61, 50, 47, 83, 40, 44, 123, 42, 55, 99, 64, 61, 51, 106, 77, 44, 59, 57, 95, 62, 78, 115, 77, 68, 146, 66, 53, 51, 84, 64, 64, 46, 85, 56, 47, 84, 66, 59, 162, 66, 115, 61, 103, 67, 64, 104, 74, 62, 57, 83, 47, 52, 56, 90, 47, 42, 87, 37, 46, 54, 87, 66, 52, 122, 50, 49, 93, 62, 52, 94, 65, 50, 87, 63, 52, 92, 134, 59, 96, 68, 60, 104, 69, 60, 105, 58, 64, 102, 45, 52, 83, 45, 44, 88, 63, 52, 94, 61, 43, 85, 42, 58, 96, 67, 52, 92, 64, 53, 93, 57, 52, 99, 65, 61, 109, 61, 65, 103, 66, 63, 106, 74, 53, 112, 73, 62, 93, 61, 51, 82, 60, 43, 105, 65, 54, 96, 64, 52, 90, 66, 49, 100, 62, 52, 92, 66, 48, 96, 67, 56, 95, 63, 55, 103, 154, 64, 99, 79, 72, 51, 101, 65, 56, 85, 57, 50, 86, 50, 38, 87, 46, 57, 93, 65, 53, 95, 65, 41, 85, 46, 80, 105, 77, 63, 104, 69, 63, 102, 63, 62, 95, 58, 67, 101, 47, 64, 106, 100, 55, 44, 87, 54, 52, 88, 62, 43, 94, 58, 51, 88, 58, 51, 85, 67, 54, 83, 53, 40, 84, 47, 56, 97, 66, 52, 96, 66, 64, 97, 69, 69, 60, 97, 57, 53, 86, 48, 53, 84, 125, 51, 105, 64, 52, 84, 47, 42, 98, 55, 43, 87, 61, 46, 123, 62, 53, 95, 55, 179, 647, 74, 78, 106, 150, 113, 149, 109, 101, 161, 90, 89, 163, 108, 108, 104, 98, 75, 75, 105, 123, 112, 82, 165, 103, 142, 146, 87, 124, 116, 87, 80, 177, 91, 100, 97, 97, 115, 161, 142, 79, 131, 91, 105, 122, 118, 112, 108, 74, 115, 212, 110, 127, 122, 132, 311, 575, 763, 570, 310, 280, 688, 242, 135, 111, 125, 226, 286, 159, 158, 253, 183, 136, 168, 90, 110, 141, 233, 58, 242, 52, 52, 55, 63, 67, 62, 44, 49, 42, 48, 44, 57, 42, 56, 57, 41, 221, 59, 49, 70, 62, 42, 40, 46, 48, 219, 77, 71, 66, 55, 52, 53, 52, 103, 76, 62, 142, 57, 72, 75, 51, 56, 45, 45, 48, 54, 57, 45, 56, 55, 54, 46, 47, 56, 52, 46, 37, 39, 41, 45, 52, 71, 47, 52, 79, 53, 56, 55, 62, 77, 65, 67, 65, 127, 66, 70, 55, 60, 43, 67, 57, 42, 48, 46, 53, 48, 53, 48, 55, 52, 58, 53, 57]

Histogram Distribution : 
       Value     Percentile TotalCount 1/(1-Percentile)

      37.000 0.000000000000          2           1.00
      47.000 0.100000000000         60           1.11
      52.000 0.200000000000        114           1.25
      56.000 0.300000000000        161           1.43
      61.000 0.400000000000        204           1.67
      66.000 0.500000000000        259           2.00
      69.000 0.550000000000        276           2.22
      78.000 0.600000000000        301           2.50
      85.000 0.650000000000        327           2.86
      90.000 0.700000000000        351           3.33
      97.000 0.750000000000        379           4.00
     100.000 0.775000000000        390           4.44
     103.000 0.800000000000        404           5.00
     105.000 0.825000000000        415           5.71
     109.000 0.850000000000        425           6.67
     118.000 0.875000000000        438           8.00
     123.000 0.887500000000        444           8.89
     127.000 0.900000000000        451          10.00
     136.000 0.912500000000        457          11.43
     146.000 0.925000000000        464          13.33
     158.000 0.937500000000        469          16.00
     161.000 0.943750000000        472          17.78
     165.000 0.950000000000        475          20.00
     183.000 0.956250000000        480          22.86
     212.000 0.962500000000        482          26.67
     224.000 0.968750000000        485          32.00
     226.000 0.971875000000        486          35.56
     242.000 0.975000000000        489          40.00
     253.000 0.978125000000        490          45.71
     280.000 0.981250000000        491          53.33
     309.000 0.984375000000        493          64.00
     309.000 0.985937500000        493          71.11
     310.000 0.987500000000        494          80.00
     311.000 0.989062500000        495          91.43
     570.000 0.990625000000        496         106.67
     575.000 0.992187500000        497         128.00
     575.000 0.992968750000        497         142.22
     575.000 0.993750000000        497         160.00
     647.000 0.994531250000        498         182.86
     647.000 0.995312500000        498         213.33
     688.000 0.996093750000        499         256.00
     688.000 0.996484375000        499         284.44
     688.000 0.996875000000        499         320.00
     688.000 0.997265625000        499         365.71
     688.000 0.997656250000        499         426.67
     763.000 0.998046875000        500         512.00
     763.000 1.000000000000        500
#[Mean    =       86.300, StdDeviation   =       70.868]
#[Max     =      763.000, Total count    =          500]
#[Buckets =           20, SubBuckets     =         2048]

50th Percentile : 
66
90th Percentile : 
127
95th Percentile : 
165
99th Percentile : 
311
99.9th Percentile : 
763
99.99th Percentile : 
763
99.999th Percentile : 
763
