Recorded latencies [in milli seconds]:
Workload Type : workload_A
Request/ Invocation/ DB Operation Type : HTTP_create
Recorded completion times :
[146, 68, 65, 75, 62, 79, 48, 99, 72, 66, 201, 80, 68, 68, 62, 72, 68, 79, 47, 49, 67, 72, 73, 71, 62, 45, 97, 69, 71, 49, 61, 97, 79, 75, 73, 135, 69, 99, 72, 216, 71, 80, 75, 73, 97, 71, 37, 42, 86, 49, 66, 74, 49, 105, 90, 59, 63, 58, 69, 70, 46, 93, 73, 78, 47, 61, 98, 94, 73, 68, 85, 69, 75, 87, 73, 78, 118, 75, 97, 68, 169, 66, 55, 109, 88, 156, 65, 58, 55, 65, 70, 61, 54, 98, 80, 83, 57, 62, 56, 64, 62, 64, 78, 87, 153, 76, 85, 70, 179, 112, 117, 82, 184, 79, 108, 48, 96, 72, 78, 61, 60, 55, 62, 95, 73, 76, 68, 76, 56, 52, 103, 67, 57, 71, 64, 89, 48, 72, 83, 68, 104, 71, 69, 66, 69, 80, 121, 65, 78, 77, 72, 87, 64, 60, 132, 111, 77, 58, 44, 80, 57, 52, 97, 77, 60, 68, 58, 70, 199, 87, 58, 43, 98, 81, 76, 116, 82, 66, 102, 86, 67, 54, 108, 77, 67, 70, 72, 106, 77, 57, 69, 65, 85, 156, 126, 57, 61, 57, 102, 82, 54, 76, 107, 61, 58, 55, 103, 80, 61, 92, 72, 80, 125, 84, 65, 69, 108, 81, 74, 74, 83, 87, 92, 67, 67, 99, 73, 60, 59, 57, 67, 98, 69, 60, 112, 64, 118, 101, 61, 69, 135, 461, 59, 74, 118, 71, 72, 69, 107, 72, 80, 68, 110, 83, 181, 108, 54, 54, 93, 51, 85, 84, 57, 79, 115, 228, 99, 113, 145, 84, 144, 124, 172, 259, 144, 132, 87, 174, 61, 66, 115, 223, 79, 221, 280, 124, 106, 96, 310, 90, 123, 126, 127, 142, 96, 190, 87, 174, 93, 109, 145, 104, 93, 282, 92, 89, 137, 333, 557, 629, 628, 258, 288, 434, 398, 511, 849, 187, 415, 141, 172, 88, 173, 172, 102, 166, 65, 105, 99, 109, 93, 81, 82, 47, 181, 98, 59, 149, 27, 59, 64, 26, 48, 34, 73, 30, 145, 93, 60, 33, 16, 20, 62, 50, 112, 57, 68, 113, 102, 488, 49, 258, 326, 231, 64, 44, 55, 60, 57, 50, 57, 60, 52, 143, 49, 57, 46, 65, 55, 70, 48, 86, 71, 202, 67, 64, 65, 63, 55, 60, 47, 73, 70, 72, 90, 70, 66, 50, 60, 111, 261, 270, 125, 322, 274, 227, 313, 354, 267, 576, 320, 544, 210, 421, 539, 267, 127, 72, 74, 79, 111, 89, 90, 92, 127, 104, 59, 56, 97, 59, 62, 58, 101, 73, 41, 53, 100, 68, 66, 57, 99, 73, 56, 56, 94, 202, 70, 139, 68, 64, 71, 79, 69, 100, 73, 68, 173, 58, 104, 59, 47, 104, 70, 57, 102, 64, 63, 111, 76, 72, 157, 58, 94, 85, 52, 107, 52, 56, 108, 67, 71, 111, 75, 71, 72, 111, 68, 111, 106, 80, 70, 103, 69, 69, 106, 74, 51, 90, 161, 62]

Histogram Distribution : 
       Value     Percentile TotalCount 1/(1-Percentile)

      16.000 0.000000000000          1           1.00
      55.000 0.100000000000         55           1.11
      60.000 0.200000000000        102           1.25
      66.000 0.300000000000        150           1.43
      71.000 0.400000000000        210           1.67
      75.000 0.500000000000        250           2.00
      80.000 0.550000000000        283           2.22
      85.000 0.600000000000        302           2.50
      92.000 0.650000000000        326           2.86
      98.000 0.700000000000        350           3.33
     105.000 0.750000000000        375           4.00
     109.000 0.775000000000        390           4.44
     112.000 0.800000000000        401           5.00
     124.000 0.825000000000        414           5.71
     135.000 0.850000000000        425           6.67
     153.000 0.875000000000        438           8.00
     169.000 0.887500000000        444           8.89
     174.000 0.900000000000        451          10.00
     190.000 0.912500000000        457          11.43
     216.000 0.925000000000        463          13.33
     258.000 0.937500000000        470          16.00
     261.000 0.943750000000        472          17.78
     270.000 0.950000000000        475          20.00
     288.000 0.956250000000        479          22.86
     320.000 0.962500000000        482          26.67
     333.000 0.968750000000        485          32.00
     354.000 0.971875000000        486          35.56
     415.000 0.975000000000        488          40.00
     434.000 0.978125000000        490          45.71
     461.000 0.981250000000        491          53.33
     511.000 0.984375000000        493          64.00
     511.000 0.985937500000        493          71.11
     539.000 0.987500000000        494          80.00
     544.000 0.989062500000        495          91.43
     557.000 0.990625000000        496         106.67
     576.000 0.992187500000        497         128.00
     576.000 0.992968750000        497         142.22
     576.000 0.993750000000        497         160.00
     628.000 0.994531250000        498         182.86
     628.000 0.995312500000        498         213.33
     629.000 0.996093750000        499         256.00
     629.000 0.996484375000        499         284.44
     629.000 0.996875000000        499         320.00
     629.000 0.997265625000        499         365.71
     629.000 0.997656250000        499         426.67
     849.000 0.998046875000        500         512.00
     849.000 1.000000000000        500
#[Mean    =      105.046, StdDeviation   =       91.293]
#[Max     =      849.000, Total count    =          500]
#[Buckets =           20, SubBuckets     =         2048]

50th Percentile : 
75
90th Percentile : 
174
95th Percentile : 
270
99th Percentile : 
544
99.9th Percentile : 
849
99.99th Percentile : 
849
99.999th Percentile : 
849
