Recorded latencies [in milli seconds]:
Workload Type : workload_B
Request/ Invocation/ DB Operation Type : HTTP_create
Recorded completion times :
[772, 53, 98, 106, 117, 77, 79, 113, 121, 78, 129, 71, 191, 216, 108, 86, 70, 96, 123, 87, 84, 69, 110, 83, 81, 90, 124, 75, 64, 90, 97, 169, 88, 80, 89, 100, 95, 78, 136, 112, 112, 73, 58, 124, 93, 75, 66, 68, 121, 78, 109, 84, 74, 100, 68, 71, 119, 91, 80, 53, 129, 78, 94, 167, 100, 104, 156, 213, 79, 133, 89, 84, 109, 100, 75, 143, 84, 133, 100, 132, 91, 89, 135, 86, 112, 133, 83, 133, 97, 87, 130, 82, 77, 140, 78, 151, 88, 86, 79, 142, 101, 124, 184, 106, 76, 115, 73, 89, 121, 67, 68, 99, 57, 55, 108, 105, 65, 109, 102, 100, 119, 85, 66, 102, 83, 81, 75, 96, 96, 60, 72, 124, 51, 49, 105, 80, 61, 90, 215, 78, 112, 87, 82, 85, 107, 74, 84, 105, 73, 67, 123, 86, 84, 115, 94, 78, 119, 92, 75, 125, 86, 49, 88, 52, 68, 108, 70, 68, 104, 83, 79, 161, 101, 77, 72, 97, 66, 67, 115, 64, 75, 109, 64, 42, 110, 83, 77, 119, 64, 80, 120, 108, 183, 78, 105, 71, 71, 94, 47, 67, 142, 68, 66, 109, 70, 69, 110, 77, 68, 152, 84, 64, 67, 108, 73, 60, 113, 78, 68, 106, 147, 59, 108, 75, 52, 86, 75, 90, 132, 76, 60, 125, 68, 132, 178, 69, 62, 106, 63, 63, 98, 71, 74, 168, 48, 43, 89, 140, 57, 101, 82, 67, 118, 83, 74, 93, 139, 78, 74, 56, 99, 90, 83, 119, 100, 71, 57, 111, 72, 87, 123, 87, 86, 107, 77, 68, 112, 56, 49, 90, 82, 65, 110, 67, 103, 102, 71, 58, 98, 70, 67, 119, 190, 68, 107, 84, 70, 114, 80, 78, 118, 69, 80, 109, 75, 70, 119, 82, 76, 148, 76, 76, 96, 88, 71, 69, 152, 82, 69, 106, 63, 44, 95, 80, 65, 95, 72, 65, 109, 71, 67, 119, 89, 58, 121, 90, 78, 117, 72, 69, 106, 81, 73, 103, 88, 75, 70, 109, 80, 233, 227, 434, 448, 106, 75, 46, 89, 57, 69, 109, 193, 144, 169, 99, 88, 173, 172, 221, 135, 205, 89, 187, 112, 103, 122, 188, 86, 157, 106, 167, 101, 181, 101, 149, 252, 125, 87, 103, 130, 207, 106, 89, 162, 103, 102, 133, 133, 89, 231, 104, 129, 183, 123, 326, 252, 634, 439, 287, 233, 93, 411, 280, 260, 288, 309, 337, 261, 169, 88, 186, 69, 75, 110, 154, 63, 114, 84, 72, 120, 58, 61, 95, 47, 61, 109, 149, 61, 89, 64, 54, 98, 147, 56, 99, 67, 39, 92, 59, 54, 90, 78, 55, 99, 56, 74, 312, 95, 247, 64, 82, 242, 231, 68, 78, 115, 89, 79, 85, 140, 309, 74, 68, 67, 62, 47, 59, 54, 70, 66, 63, 97, 70, 58, 65, 68, 75, 56, 67, 66, 55, 60, 84, 112, 90, 77, 74, 73, 87, 74, 65]

Histogram Distribution : 
       Value     Percentile TotalCount 1/(1-Percentile)

      39.000 0.000000000000          1           1.00
      62.000 0.100000000000         50           1.11
      68.000 0.200000000000        100           1.25
      75.000 0.300000000000        161           1.43
      80.000 0.400000000000        200           1.67
      88.000 0.500000000000        252           2.00
      91.000 0.550000000000        275           2.22
      98.000 0.600000000000        300           2.50
     103.000 0.650000000000        326           2.86
     108.000 0.700000000000        351           3.33
     113.000 0.750000000000        376           4.00
     119.000 0.775000000000        394           4.44
     121.000 0.800000000000        400           5.00
     129.000 0.825000000000        415           5.71
     133.000 0.850000000000        426           6.67
     147.000 0.875000000000        439           8.00
     152.000 0.887500000000        445           8.89
     162.000 0.900000000000        450          10.00
     172.000 0.912500000000        457          11.43
     184.000 0.925000000000        463          13.33
     193.000 0.937500000000        469          16.00
     213.000 0.943750000000        472          17.78
     221.000 0.950000000000        475          20.00
     233.000 0.956250000000        480          22.86
     247.000 0.962500000000        482          26.67
     260.000 0.968750000000        485          32.00
     261.000 0.971875000000        486          35.56
     287.000 0.975000000000        488          40.00
     309.000 0.978125000000        491          45.71
     309.000 0.981250000000        491          53.33
     326.000 0.984375000000        493          64.00
     326.000 0.985937500000        493          71.11
     337.000 0.987500000000        494          80.00
     411.000 0.989062500000        495          91.43
     434.000 0.990625000000        496         106.67
     439.000 0.992187500000        497         128.00
     439.000 0.992968750000        497         142.22
     439.000 0.993750000000        497         160.00
     448.000 0.994531250000        498         182.86
     448.000 0.995312500000        498         213.33
     634.000 0.996093750000        499         256.00
     634.000 0.996484375000        499         284.44
     634.000 0.996875000000        499         320.00
     634.000 0.997265625000        499         365.71
     634.000 0.997656250000        499         426.67
     772.000 0.998046875000        500         512.00
     772.000 1.000000000000        500
#[Mean    =      105.946, StdDeviation   =       67.207]
#[Max     =      772.000, Total count    =          500]
#[Buckets =           20, SubBuckets     =         2048]

50th Percentile : 
88
90th Percentile : 
162
95th Percentile : 
221
99th Percentile : 
411
99.9th Percentile : 
772
99.99th Percentile : 
772
99.999th Percentile : 
772
