Recorded latencies [in milli seconds]:
Workload Type : workload_C
Request/ Invocation/ DB Operation Type : DB_getAllCourses
Recorded completion times :
[0, 0, 1, 2, 1, 1, 1, 0, 0, 1, 1, 1, 1, 1, 1, 1, 3, 1, 1, 1, 1, 0, 1, 1, 0, 2, 2, 1, 1, 3, 2, 1, 2, 1, 1, 1, 1, 0, 0, 1, 0, 2, 1, 0, 1, 2, 1, 1, 1, 3, 4, 3, 1, 1, 1, 1, 1, 1, 1, 0, 1, 2, 1, 1, 0, 0, 1, 1, 3, 2, 0, 1, 1, 1, 0, 2, 7, 5, 2, 1, 2, 2, 1, 1, 2, 2, 0, 1, 1, 1, 1, 1, 4, 2, 2, 2, 9, 4, 1, 1, 1, 1, 1, 1, 1, 2, 1, 1, 1, 1, 1, 1, 2, 2, 1, 2, 2, 2, 2, 3, 1, 2, 2, 1, 2, 2, 1, 2, 1, 1, 1, 1, 0, 1, 1, 0, 0, 1, 1, 3, 1, 1, 1, 2, 2, 1, 1, 2, 1, 1, 1, 0, 1, 1, 1, 1, 0, 1, 0, 1, 2, 1, 1, 0, 0, 1, 0, 0, 1, 1, 1, 1, 0, 1, 0, 1, 1, 0, 1, 1, 0, 3, 3, 1, 1, 2, 2, 5, 4, 1, 1, 1, 1, 0, 0, 4, 0, 0, 0, 1, 1, 1, 1, 0, 2, 3, 1, 3, 1, 2, 1, 1, 1, 1, 2, 0, 0, 1, 0, 1, 1, 1, 1, 0, 1, 1, 1, 0, 0, 0, 1, 1, 0, 1, 1, 0, 1, 0, 1, 1, 1, 0, 1, 0, 2, 2, 3, 1, 1, 1, 1, 1, 1, 0, 1, 0, 0, 0, 0, 0, 0, 1, 0, 1, 1, 0, 1, 0, 0, 0, 1, 1, 1, 0, 1, 1, 1, 2, 3, 2, 2, 2, 1, 1, 1, 1, 1, 2, 1, 1, 2, 1, 3, 2, 2, 3, 0, 0, 1, 3, 2, 2, 2, 1, 1, 1, 1, 0, 3, 2, 1, 1, 2, 3, 1, 1, 1, 1, 1, 1, 0, 1, 0, 1, 2, 2, 1, 4, 2, 9, 3, 2, 1, 1, 2, 1, 1, 1, 0, 0, 0, 1, 1, 0, 0, 0, 0, 0, 0, 0, 0, 1, 0, 0, 1, 1, 1, 0, 0, 1, 0, 1, 1, 0, 0, 4, 2, 1, 1, 1, 0, 1, 1, 0, 4, 1, 1, 1, 1, 2, 1, 2, 0, 0, 1, 1, 0, 1, 0, 1, 0, 1, 0, 1, 0, 0, 1, 2, 0, 0, 1, 1, 1, 0, 1, 1, 0, 1, 1, 1, 1, 1, 1, 1, 1, 1, 2, 1, 1, 1, 1, 2, 1, 1, 1, 1, 1, 1, 1, 1, 1, 2, 2, 1, 1, 1, 2, 1, 2, 0, 0, 1, 0, 0, 1, 0, 1, 0, 1, 1, 2, 1, 0, 0, 0, 1, 1, 1, 0, 1, 0, 0, 0, 1, 1, 0, 0, 0, 1, 1, 1, 0, 1, 1, 1, 1, 0, 3, 0, 1, 1, 1, 0, 1, 1, 2, 1, 1, 1, 1, 1, 1, 1, 1, 1, 1, 1, 1, 0, 0]

Histogram Distribution : 
       Value     Percentile TotalCount 1/(1-Percentile)

       0.000 0.000000000000        120           1.00
       0.000 0.100000000000        120           1.11
       0.000 0.200000000000        120           1.25
       1.000 0.300000000000        396           1.43
       1.000 0.400000000000        396           1.67
       1.000 0.500000000000        396           2.00
       1.000 0.550000000000        396           2.22
       1.000 0.600000000000        396           2.50
       1.000 0.650000000000        396           2.86
       1.000 0.700000000000        396           3.33
       1.000 0.750000000000        396           4.00
       1.000 0.775000000000        396           4.44
       2.000 0.800000000000        467           5.00
       2.000 0.825000000000        467           5.71
       2.000 0.850000000000        467           6.67
       2.000 0.875000000000        467           8.00
       2.000 0.887500000000        467           8.89
       2.000 0.900000000000        467          10.00
       2.000 0.912500000000        467          11.43
       2.000 0.925000000000        467          13.33
       3.000 0.937500000000        487          16.00
       3.000 0.943750000000        487          17.78
       3.000 0.950000000000        487          20.00
       3.000 0.956250000000        487          22.86
       3.000 0.962500000000        487          26.67
       3.000 0.968750000000        487          32.00
       3.000 0.971875000000        487          35.56
       4.000 0.975000000000        495          40.00
       4.000 0.978125000000        495          45.71
       4.000 0.981250000000        495          53.33
       4.000 0.984375000000        495          64.00
       4.000 0.985937500000        495          71.11
       4.000 0.987500000000        495          80.00
       4.000 0.989062500000        495          91.43
       5.000 0.990625000000        497         106.67
       5.000 0.992187500000        497         128.00
       5.000 0.992968750000        497         142.22
       5.000 0.993750000000        497         160.00
       7.000 0.994531250000        498         182.86
       7.000 0.995312500000        498         213.33
       9.000 0.996093750000        500         256.00
       9.000 1.000000000000        500
#[Mean    =        1.090, StdDeviation   =        1.034]
#[Max     =        9.000, Total count    =          500]
#[Buckets =           20, SubBuckets     =         2048]

50th Percentile : 
1
90th Percentile : 
2
95th Percentile : 
3
99th Percentile : 
4
99.9th Percentile : 
9
99.99th Percentile : 
9
99.999th Percentile : 
9
