Recorded latencies [in milli seconds]:
Workload Type : workload_B
Request/ Invocation/ DB Operation Type : DB_saveCourse
Recorded completion times :
[91, 87, 115, 90, 78, 48, 169, 38, 83, 97, 46, 35, 37, 33, 37, 30, 46, 42, 50, 48, 45, 64, 207, 58, 49, 44, 28, 42, 33, 42, 33, 47, 104, 37, 32, 30, 29, 37, 32, 40, 66, 302, 61, 129, 46, 38, 37, 34, 38, 34, 39, 41, 55, 127, 51, 47, 46, 59, 43, 41, 36, 36, 37, 39, 31, 38, 33, 36, 87, 42, 32, 30, 29, 34, 36, 61, 38, 45, 44, 50, 47, 45, 48, 55, 29, 38, 40, 32, 44, 62, 59, 66, 53, 79, 42, 34, 39, 29, 50, 35, 34, 31, 36, 33, 31, 49, 46, 105, 51, 85, 48, 48, 47, 49, 46, 57, 45, 47, 38, 38, 39, 38, 35, 33, 30, 31, 33, 36, 38, 32, 52, 35, 68, 39, 33, 33, 49, 36, 37, 50, 34, 31, 49, 43, 39, 115, 46, 46, 53, 42, 51, 57, 46, 49, 45, 49, 47, 32, 39, 29, 31, 33, 28, 50, 38, 37, 42, 38, 37, 35, 39, 40, 54, 35, 39, 49, 35, 38, 44, 39, 41, 51, 48, 48, 47, 51, 45, 54, 50, 47, 60, 45, 53, 60, 49, 30, 47, 36, 29, 44, 31, 49, 51, 38, 38, 50, 36, 30, 51, 36, 38, 49, 31, 30, 49, 35, 41, 51, 40, 39, 47, 42, 48, 146, 49, 40, 57, 58, 44, 48, 49, 45, 32, 43, 34, 28, 39, 34, 37, 34, 43, 37, 48, 39, 38, 50, 28, 28, 36, 65, 48, 61, 47, 49, 54, 46, 42, 50, 48, 44, 44, 50, 48, 34, 48, 51, 58, 43, 30, 31, 39, 35, 31, 49, 30, 33, 45, 38, 32, 36, 39, 31, 52, 38, 29, 44, 36, 37, 38, 42, 42, 55, 47, 46, 53, 46, 43, 51, 50, 50, 47, 40, 40, 32, 34, 37, 30, 111, 35, 47, 50, 33, 30, 34, 32, 38, 41, 31, 30, 42, 28, 46, 48, 41, 47, 51, 172, 588, 60, 63, 53, 134, 100, 90, 98, 89, 105, 72, 74, 132, 46, 99, 95, 41, 50, 71, 96, 68, 97, 59, 113, 92, 133, 82, 74, 104, 60, 70, 71, 127, 70, 88, 46, 83, 101, 102, 124, 66, 79, 79, 92, 68, 95, 104, 55, 63, 86, 201, 55, 115, 102, 75, 292, 560, 707, 552, 293, 223, 674, 226, 75, 100, 115, 176, 277, 143, 99, 243, 173, 81, 150, 78, 53, 135, 72, 53, 60, 47, 48, 48, 46, 44, 46, 32, 31, 32, 34, 31, 40, 29, 42, 36, 38, 171, 39, 36, 36, 38, 35, 36, 38, 33, 41, 65, 51, 46, 48, 44, 47, 48, 94, 49, 54, 49, 48, 51, 42, 39, 46, 29, 30, 32, 30, 39, 31, 36, 37, 36, 29, 32, 41, 34, 32, 28, 35, 36, 38, 38, 40, 37, 39, 60, 44, 41, 45, 46, 51, 50, 50, 51, 71, 43, 47, 41, 43, 29, 49, 35, 29, 31, 33, 39, 29, 37, 31, 37, 36, 36, 36, 34]

Histogram Distribution : 
       Value     Percentile TotalCount 1/(1-Percentile)

      28.000 0.000000000000          7           1.00
      31.000 0.100000000000         51           1.11
      35.000 0.200000000000        108           1.25
      38.000 0.300000000000        174           1.43
      40.000 0.400000000000        203           1.67
      45.000 0.500000000000        258           2.00
      46.000 0.550000000000        278           2.22
      48.000 0.600000000000        316           2.50
      49.000 0.650000000000        335           2.86
      50.000 0.700000000000        351           3.33
      53.000 0.750000000000        375           4.00
      58.000 0.775000000000        390           4.44
      61.000 0.800000000000        402           5.00
      68.000 0.825000000000        414           5.71
      75.000 0.850000000000        425           6.67
      87.000 0.875000000000        438           8.00
      92.000 0.887500000000        445           8.89
      97.000 0.900000000000        451          10.00
     101.000 0.912500000000        457          11.43
     105.000 0.925000000000        464          13.33
     115.000 0.937500000000        470          16.00
     127.000 0.943750000000        473          17.78
     132.000 0.950000000000        475          20.00
     143.000 0.956250000000        479          22.86
     169.000 0.962500000000        482          26.67
     173.000 0.968750000000        485          32.00
     176.000 0.971875000000        486          35.56
     207.000 0.975000000000        488          40.00
     226.000 0.978125000000        490          45.71
     243.000 0.981250000000        491          53.33
     292.000 0.984375000000        493          64.00
     292.000 0.985937500000        493          71.11
     293.000 0.987500000000        494          80.00
     302.000 0.989062500000        495          91.43
     552.000 0.990625000000        496         106.67
     560.000 0.992187500000        497         128.00
     560.000 0.992968750000        497         142.22
     560.000 0.993750000000        497         160.00
     588.000 0.994531250000        498         182.86
     588.000 0.995312500000        498         213.33
     674.000 0.996093750000        499         256.00
     674.000 0.996484375000        499         284.44
     674.000 0.996875000000        499         320.00
     674.000 0.997265625000        499         365.71
     674.000 0.997656250000        499         426.67
     707.000 0.998046875000        500         512.00
     707.000 1.000000000000        500
#[Mean    =       60.342, StdDeviation   =       67.274]
#[Max     =      707.000, Total count    =          500]
#[Buckets =           20, SubBuckets     =         2048]

50th Percentile : 
45
90th Percentile : 
97
95th Percentile : 
132
99th Percentile : 
302
99.9th Percentile : 
707
99.99th Percentile : 
707
99.999th Percentile : 
707
