Recorded latencies [in milli seconds]:
Workload Type : workload_F
Request/ Invocation/ DB Operation Type : HTTP_delete
Recorded completion times :
[109, 69, 68, 88, 182, 172, 141, 105, 63, 90, 134, 85, 67, 99, 149, 69, 117, 138, 58, 56, 98, 58, 45, 74, 37, 45, 98, 50, 58, 87, 60, 86, 124, 51, 43, 92, 62, 56, 111, 62, 44, 125, 68, 80, 114, 106, 68, 109, 91, 69, 126, 94, 70, 106, 60, 67, 96, 72, 54, 98, 56, 59, 96, 98, 45, 48, 98, 71, 60, 113, 74, 64, 99, 132, 55, 88, 70, 39, 88, 51, 91, 115, 95, 68, 88, 111, 85, 76, 118, 81, 62, 110, 92, 91, 98, 69, 66, 99, 61, 68, 96, 67, 55, 98, 62, 62, 100, 68, 67, 103, 63, 60, 103, 138, 67, 99, 71, 63, 149, 87, 76, 158, 85, 70, 110, 77, 69, 110, 95, 61, 64, 99, 71, 73, 107, 69, 53, 103, 78, 57, 87, 67, 66, 108, 71, 52, 103, 54, 67, 97, 81, 568, 283, 95, 47, 49, 114, 80, 89, 115, 467, 301, 98, 359, 164, 156, 688, 77, 152, 384, 299, 96, 234, 400, 406, 468, 461, 307, 390, 276, 70, 59, 93, 60, 80, 89, 67, 56, 98, 59, 66, 103, 75, 72, 117, 67, 69, 108, 150, 74, 117, 61, 58, 96, 56, 44, 96, 85, 56, 99, 80, 55, 115, 63, 57, 111, 82, 44, 111, 154, 98, 103, 91, 89, 59, 100, 72, 68, 102, 62, 67, 109, 71, 68, 123, 74, 66, 110, 69, 90, 113, 66, 51, 88, 65, 63, 99, 58, 57, 97, 68, 58, 110, 68, 55, 102, 70, 60, 98, 103, 58, 87, 52, 56, 103, 65, 117, 117, 74, 60, 120, 75, 54, 100, 69, 57, 104, 68, 53, 110, 59, 80, 94, 71, 56, 103, 68, 51, 102, 60, 62, 98, 92, 57, 97, 72, 110, 107, 80, 68, 106, 63, 56, 93, 70, 90, 120, 69, 64, 116, 77, 68, 106, 69, 69, 111, 80, 75, 95, 64, 52, 96, 61, 58, 101, 77, 56, 97, 82, 73, 128, 68, 65, 131, 70, 66, 120, 67, 68, 108, 61, 66, 106, 128, 79, 96, 52, 56, 100, 139, 54, 111, 56, 56, 98, 58, 66, 97, 142, 61, 101, 89, 68, 65, 107, 72, 65, 109, 93, 68, 114, 73, 66, 122, 109, 88, 119, 77, 63, 105, 55, 56, 96, 61, 58, 87, 142, 56, 96, 60, 56, 97, 84, 76, 123, 77, 53, 112, 69, 68, 110, 67, 67, 133, 67, 102, 128, 71, 70, 99, 51, 68, 107, 61, 54, 96, 61, 54, 96, 51, 53, 97, 60, 64, 98, 138, 56, 100, 82, 55, 87, 36, 54, 108, 67, 55, 102, 66, 65, 110, 71, 69, 116, 71, 66, 108, 93, 67, 106, 73, 53, 93, 74, 101, 108, 63, 55, 104, 60, 69, 104, 55, 47, 89, 60, 68, 96, 93, 52, 99, 43, 47, 90, 113, 70, 105, 70, 69, 107, 69, 69, 151, 67, 57, 101, 101, 55, 94, 63, 55, 95, 63, 52, 97, 62, 53, 95, 130, 65, 108]

Histogram Distribution : 
       Value     Percentile TotalCount 1/(1-Percentile)

      36.000 0.000000000000          1           1.00
      55.000 0.100000000000         53           1.11
      60.000 0.200000000000        103           1.25
      66.000 0.300000000000        153           1.43
      69.000 0.400000000000        209           1.67
      77.000 0.500000000000        255           2.00
      86.000 0.550000000000        275           2.22
      91.000 0.600000000000        300           2.50
      96.000 0.650000000000        331           2.86
      98.000 0.700000000000        353           3.33
     102.000 0.750000000000        377           4.00
     104.000 0.775000000000        389           4.44
     107.000 0.800000000000        403           5.00
     109.000 0.825000000000        415           5.71
     111.000 0.850000000000        430           6.67
     115.000 0.875000000000        440           8.00
     117.000 0.887500000000        447           8.89
     120.000 0.900000000000        452          10.00
     125.000 0.912500000000        457          11.43
     131.000 0.925000000000        463          13.33
     138.000 0.937500000000        469          16.00
     142.000 0.943750000000        473          17.78
     149.000 0.950000000000        475          20.00
     154.000 0.956250000000        479          22.86
     164.000 0.962500000000        482          26.67
     234.000 0.968750000000        485          32.00
     276.000 0.971875000000        486          35.56
     299.000 0.975000000000        488          40.00
     307.000 0.978125000000        490          45.71
     359.000 0.981250000000        491          53.33
     390.000 0.984375000000        493          64.00
     390.000 0.985937500000        493          71.11
     400.000 0.987500000000        494          80.00
     406.000 0.989062500000        495          91.43
     461.000 0.990625000000        496         106.67
     467.000 0.992187500000        497         128.00
     467.000 0.992968750000        497         142.22
     467.000 0.993750000000        497         160.00
     468.000 0.994531250000        498         182.86
     468.000 0.995312500000        498         213.33
     568.000 0.996093750000        499         256.00
     568.000 0.996484375000        499         284.44
     568.000 0.996875000000        499         320.00
     568.000 0.997265625000        499         365.71
     568.000 0.997656250000        499         426.67
     688.000 0.998046875000        500         512.00
     688.000 1.000000000000        500
#[Mean    =       92.530, StdDeviation   =       63.515]
#[Max     =      688.000, Total count    =          500]
#[Buckets =           20, SubBuckets     =         2048]

50th Percentile : 
77
90th Percentile : 
120
95th Percentile : 
149
99th Percentile : 
406
99.9th Percentile : 
688
99.99th Percentile : 
688
99.999th Percentile : 
688
