Recorded latencies [in milli seconds]:
Workload Type : workload_A
Request/ Invocation/ DB Operation Type : DB_saveCourse
Recorded completion times :
[114, 104, 52, 54, 55, 70, 71, 84, 41, 50, 442, 43, 44, 55, 36, 62, 35, 52, 44, 56, 45, 49, 59, 50, 75, 162, 59, 77, 71, 74, 49, 83, 39, 64, 70, 60, 63, 68, 80, 70, 61, 70, 62, 45, 191, 80, 46, 36, 52, 72, 52, 43, 28, 70, 43, 30, 33, 61, 34, 48, 75, 48, 48, 59, 38, 30, 53, 45, 44, 44, 81, 58, 45, 101, 44, 45, 51, 44, 31, 34, 37, 43, 55, 51, 79, 36, 39, 36, 37, 37, 37, 35, 53, 37, 38, 44, 35, 32, 33, 41, 29, 32, 135, 57, 45, 45, 50, 45, 59, 85, 48, 48, 49, 40, 47, 140, 50, 34, 36, 34, 35, 98, 37, 32, 38, 35, 39, 229, 39, 37, 35, 35, 41, 35, 37, 51, 39, 34, 52, 41, 46, 70, 44, 45, 41, 42, 41, 50, 51, 49, 43, 42, 42, 48, 47, 48, 37, 40, 34, 46, 37, 28, 37, 56, 38, 39, 84, 36, 34, 38, 35, 32, 29, 31, 39, 33, 45, 47, 43, 42, 49, 50, 47, 44, 45, 49, 49, 41, 44, 44, 54, 67, 39, 33, 32, 35, 38, 33, 34, 35, 36, 136, 106, 32, 35, 45, 33, 38, 31, 50, 32, 32, 39, 41, 46, 40, 42, 49, 45, 45, 46, 41, 51, 42, 46, 45, 48, 45, 48, 44, 46, 31, 41, 42, 35, 49, 35, 32, 36, 43, 39, 31, 48, 37, 50, 31, 42, 142, 38, 36, 33, 42, 46, 44, 41, 49, 48, 46, 42, 42, 49, 48, 43, 43, 48, 44, 49, 32, 33, 30, 33, 38, 36, 31, 32, 35, 33, 37, 35, 41, 34, 37, 39, 47, 38, 41, 52, 33, 59, 53, 45, 46, 49, 47, 43, 42, 53, 41, 49, 47, 142, 55, 189, 42, 44, 33, 140, 33, 32, 31, 36, 32, 34, 36, 134, 37, 36, 36, 72, 350, 34, 35, 35, 33, 121, 33, 38, 42, 38, 50, 44, 41, 52, 42, 45, 49, 44, 43, 125, 66, 39, 37, 36, 29, 40, 38, 38, 40, 28, 31, 100, 38, 31, 34, 41, 35, 35, 39, 46, 32, 30, 28, 137, 33, 50, 48, 48, 44, 45, 44, 40, 40, 117, 169, 41, 54, 28, 119, 40, 29, 56, 103, 114, 59, 94, 148, 127, 206, 118, 94, 84, 112, 122, 45, 41, 98, 194, 60, 124, 92, 72, 66, 87, 67, 78, 65, 56, 115, 92, 71, 69, 94, 66, 55, 69, 68, 95, 57, 62, 109, 78, 55, 125, 90, 76, 117, 66, 63, 50, 134, 279, 306, 270, 683, 524, 568, 315, 73, 110, 187, 142, 135, 91, 54, 197, 73, 88, 46, 65, 72, 73, 33, 41, 39, 34, 43, 51, 60, 93, 56, 49, 59, 42, 46, 56, 46, 46, 68, 53, 122, 46, 35, 32, 33, 47, 35, 67, 37, 36, 33, 29, 30, 30, 32, 40, 33, 38, 37, 44, 37, 52, 31, 59, 47, 42, 41, 48, 43, 49]

Histogram Distribution : 
       Value     Percentile TotalCount 1/(1-Percentile)

      28.000 0.000000000000          5           1.00
      33.000 0.100000000000         63           1.11
      36.000 0.200000000000        114           1.25
      39.000 0.300000000000        163           1.43
      42.000 0.400000000000        209           1.67
      45.000 0.500000000000        262           2.00
      46.000 0.550000000000        278           2.22
      48.000 0.600000000000        303           2.50
      50.000 0.650000000000        331           2.86
      53.000 0.700000000000        350           3.33
      59.000 0.750000000000        377           4.00
      63.000 0.775000000000        387           4.44
      68.000 0.800000000000        400           5.00
      72.000 0.825000000000        415           5.71
      78.000 0.850000000000        425           6.67
      90.000 0.875000000000        437           8.00
      94.000 0.887500000000        444           8.89
     103.000 0.900000000000        450          10.00
     114.000 0.912500000000        457          11.43
     119.000 0.925000000000        462          13.33
     125.000 0.937500000000        468          16.00
     134.000 0.943750000000        471          17.78
     137.000 0.950000000000        475          20.00
     142.000 0.956250000000        480          22.86
     148.000 0.962500000000        481          26.67
     187.000 0.968750000000        484          32.00
     189.000 0.971875000000        485          35.56
     194.000 0.975000000000        487          40.00
     206.000 0.978125000000        489          45.71
     229.000 0.981250000000        490          53.33
     279.000 0.984375000000        492          64.00
     279.000 0.985937500000        492          71.11
     306.000 0.987500000000        493          80.00
     315.000 0.989062500000        494          91.43
     350.000 0.990625000000        495         106.67
     442.000 0.992187500000        496         128.00
     442.000 0.992968750000        496         142.22
     442.000 0.993750000000        496         160.00
     524.000 0.994531250000        497         182.86
     524.000 0.995312500000        497         213.33
     568.000 0.996093750000        498         256.00
     568.000 0.996484375000        498         284.44
     568.000 0.996875000000        498         320.00
     568.000 0.997265625000        498         365.71
     568.000 0.997656250000        498         426.67
     683.000 0.998046875000        499         512.00
     683.000 1.000000000000        499
#[Mean    =       61.251, StdDeviation   =       59.748]
#[Max     =      683.000, Total count    =          499]
#[Buckets =           20, SubBuckets     =         2048]

50th Percentile : 
45
90th Percentile : 
103
95th Percentile : 
137
99th Percentile : 
350
99.9th Percentile : 
683
99.99th Percentile : 
683
99.999th Percentile : 
683
