Recorded latencies [in milli seconds]:
Workload Type : workload_H
Request/ Invocation/ DB Operation Type : DB_updateCourse
Recorded completion times :
[34, 193, 44, 42, 32, 30, 43, 28, 29, 129, 47, 48, 49, 43, 52, 124, 40, 131, 39, 33, 32, 65, 41, 144, 48, 51, 44, 50, 48, 145, 55, 36, 32, 47, 42, 46, 38, 62, 41, 52, 52, 44, 47, 67, 48, 56, 37, 44, 46, 30, 32, 116, 44, 146, 226, 44, 61, 57, 70, 121, 195, 82, 118, 228, 91, 41, 90, 63, 93, 92, 104, 147, 92, 75, 198, 87, 86, 102, 153, 138, 84, 89, 84, 209, 636, 518, 364, 315, 198, 723, 643, 312, 365, 521, 181, 333, 533, 330, 470, 44, 53, 243, 163, 68, 71, 63, 44, 219, 60, 49, 39, 33, 34, 52, 53, 32, 132, 56, 51, 55, 149, 59, 50, 46, 50, 47, 37, 38, 29, 38, 133, 42, 38, 53, 42, 40, 46, 44, 59, 60, 41, 37, 38, 31, 42, 52, 34, 31, 31, 61, 51, 38, 48, 51, 44, 34, 52, 30, 33, 46, 48, 42, 51, 43, 33, 44, 38, 33, 44, 47, 42, 50, 47, 73, 42, 35, 35, 80, 37, 38, 41, 49, 29, 47, 51, 40, 42, 46, 43, 33, 33, 32, 49, 29, 39, 32, 49, 39, 56, 33, 44, 47, 42, 42, 60, 62, 50, 51, 32, 51, 40, 30, 49, 51, 40, 34, 62, 46, 45, 43, 61, 50, 32, 46, 49, 33, 46, 52, 45, 35, 36, 36, 54, 51, 61, 68, 46, 54, 41, 42, 49, 34, 44, 29, 32, 36, 49, 46, 57, 61, 61, 121, 47, 63, 41, 58, 54, 34, 45, 38, 37, 33, 34, 49, 50, 41, 41, 62, 61, 53, 59, 51, 40, 38, 33, 49, 30, 31, 38, 46, 30, 35, 49, 42, 52, 56, 44, 41, 63, 156, 30, 31, 33, 38, 35, 38, 38, 150, 45, 42, 63, 49, 44, 76, 29, 32, 33, 33, 32, 34, 36, 38, 92, 163, 67, 110, 182, 36, 44, 47, 35, 187, 54, 163, 53, 36, 35, 38, 30, 36, 117, 46, 54, 99, 59, 178, 30, 237, 152, 138, 159, 245, 114, 89, 146, 97, 241, 140, 104, 77, 118, 95, 78, 88, 158, 48, 130, 231, 125, 98, 87, 105, 128, 102, 92, 95, 131, 92, 86, 76, 57, 62, 106, 287, 174, 664, 444, 404, 604, 319, 745, 551, 333, 610, 475, 408, 142, 68, 166, 149, 93, 94, 101, 204, 83, 103, 98, 101, 66, 84, 151, 258, 173, 151, 223, 67, 33, 60, 45, 44, 42, 44, 33, 39, 34, 37, 38, 47, 36, 34, 41, 56, 49, 44, 44, 43, 139, 44, 34, 56, 44, 31, 34, 32, 32, 39, 40, 34, 47, 41, 49, 59, 45, 33, 45, 46, 39, 38, 36, 48, 57, 44, 31, 34, 91, 45, 62, 43, 44, 48, 42, 39, 47, 66, 30, 45, 37, 50, 34, 139, 39, 46, 48, 42, 45, 44, 40, 47, 36, 35, 36, 36, 34, 34, 39, 52, 37, 32, 44, 58, 46, 45, 50, 45, 45, 43, 37, 34, 39, 38]

Histogram Distribution : 
       Value     Percentile TotalCount 1/(1-Percentile)

      28.000 0.000000000000          1           1.00
      33.000 0.100000000000         56           1.11
      37.000 0.200000000000        105           1.25
      41.000 0.300000000000        155           1.43
      44.000 0.400000000000        207           1.67
      47.000 0.500000000000        250           2.00
      49.000 0.550000000000        275           2.22
      52.000 0.600000000000        304           2.50
      57.000 0.650000000000        326           2.86
      62.000 0.700000000000        350           3.33
      83.000 0.750000000000        375           4.00
      91.000 0.775000000000        388           4.44
      98.000 0.800000000000        401           5.00
     114.000 0.825000000000        413           5.71
     131.000 0.850000000000        426           6.67
     146.000 0.875000000000        438           8.00
     151.000 0.887500000000        444           8.89
     163.000 0.900000000000        452          10.00
     181.000 0.912500000000        457          11.43
     198.000 0.925000000000        463          13.33
     228.000 0.937500000000        469          16.00
     241.000 0.943750000000        472          17.78
     258.000 0.950000000000        475          20.00
     319.000 0.956250000000        479          22.86
     333.000 0.962500000000        482          26.67
     404.000 0.968750000000        485          32.00
     408.000 0.971875000000        486          35.56
     470.000 0.975000000000        488          40.00
     518.000 0.978125000000        490          45.71
     521.000 0.981250000000        491          53.33
     551.000 0.984375000000        493          64.00
     551.000 0.985937500000        493          71.11
     604.000 0.987500000000        494          80.00
     610.000 0.989062500000        495          91.43
     636.000 0.990625000000        496         106.67
     643.000 0.992187500000        497         128.00
     643.000 0.992968750000        497         142.22
     643.000 0.993750000000        497         160.00
     664.000 0.994531250000        498         182.86
     664.000 0.995312500000        498         213.33
     723.000 0.996093750000        499         256.00
     723.000 0.996484375000        499         284.44
     723.000 0.996875000000        499         320.00
     723.000 0.997265625000        499         365.71
     723.000 0.997656250000        499         426.67
     745.000 0.998046875000        500         512.00
     745.000 1.000000000000        500
#[Mean    =       85.094, StdDeviation   =      104.447]
#[Max     =      745.000, Total count    =          500]
#[Buckets =           20, SubBuckets     =         2048]

50th Percentile : 
47
90th Percentile : 
163
95th Percentile : 
258
99th Percentile : 
610
99.9th Percentile : 
745
99.99th Percentile : 
745
99.999th Percentile : 
745
