Recorded latencies [in milli seconds]:
Workload Type : workload_E
Request/ Invocation/ DB Operation Type : DB_deleteCourseById
Recorded completion times :
[223, 37, 56, 50, 28, 48, 36, 45, 48, 30, 42, 47, 50, 59, 45, 50, 63, 49, 44, 72, 54, 60, 50, 61, 42, 44, 36, 58, 29, 31, 31, 50, 71, 35, 57, 37, 39, 42, 32, 53, 40, 33, 48, 39, 56, 62, 70, 60, 46, 45, 49, 50, 62, 42, 158, 44, 44, 63, 42, 45, 43, 41, 47, 31, 51, 68, 41, 39, 32, 41, 34, 105, 37, 31, 46, 34, 37, 51, 58, 73, 47, 50, 52, 49, 65, 43, 50, 78, 46, 42, 111, 64, 74, 36, 46, 48, 36, 58, 49, 33, 43, 30, 37, 37, 53, 37, 47, 34, 33, 45, 67, 32, 44, 36, 40, 44, 31, 49, 44, 40, 49, 51, 42, 59, 46, 49, 48, 35, 52, 43, 37, 42, 34, 39, 34, 56, 45, 35, 35, 42, 40, 34, 43, 78, 35, 46, 38, 40, 32, 33, 90, 78, 59, 45, 44, 47, 42, 49, 54, 50, 50, 58, 44, 51, 53, 36, 31, 47, 35, 32, 30, 47, 39, 40, 31, 54, 89, 40, 50, 33, 37, 39, 40, 33, 40, 40, 38, 59, 34, 39, 67, 49, 47, 60, 80, 50, 106, 48, 49, 51, 30, 39, 36, 47, 31, 29, 87, 32, 31, 136, 27, 68, 51, 36, 37, 53, 30, 43, 31, 41, 33, 54, 32, 51, 53, 52, 46, 49, 61, 89, 41, 51, 53, 42, 56, 62, 33, 45, 38, 29, 42, 48, 36, 52, 38, 35, 44, 40, 32, 47, 33, 36, 45, 43, 35, 52, 31, 38, 48, 37, 41, 51, 42, 40, 45, 65, 75, 60, 50, 39, 43, 31, 34, 48, 28, 37, 53, 39, 30, 36, 31, 38, 53, 36, 34, 169, 40, 36, 45, 30, 29, 70, 33, 48, 50, 30, 51, 54, 51, 40, 47, 44, 41, 101, 40, 51, 69, 47, 66, 72, 75, 67, 50, 39, 32, 62, 57, 134, 238, 153, 163, 571, 68, 116, 99, 86, 66, 111, 138, 227, 259, 279, 62, 58, 70, 165, 95, 115, 107, 65, 87, 80, 82, 130, 73, 92, 84, 81, 83, 65, 85, 42, 329, 134, 155, 83, 54, 120, 86, 196, 72, 62, 68, 88, 232, 479, 444, 607, 284, 508, 190, 273, 250, 581, 499, 638, 659, 371, 303, 241, 104, 94, 200, 198, 167, 131, 115, 203, 172, 94, 55, 57, 37, 137, 177, 90, 129, 86, 138, 164, 101, 128, 87, 84, 159, 140, 273, 103, 145, 79, 84, 107, 137, 59, 113, 93, 76, 102, 150, 132, 311, 675, 717, 344, 244, 479, 126, 134, 121, 174, 73, 61, 102, 35, 39, 72, 44, 46, 47, 86, 45, 49, 39, 42, 63, 73, 54, 40, 51, 49, 51, 61, 111, 52, 44, 50, 52, 59, 40, 49, 100, 82, 266, 64, 83, 46, 44, 36, 34, 53, 34, 37, 31, 37, 36, 32, 51, 35, 32, 38, 32, 39, 38, 40, 41, 46, 46, 46, 52, 132, 45, 54, 112, 50, 50, 48, 48, 49, 39, 37]

Histogram Distribution : 
       Value     Percentile TotalCount 1/(1-Percentile)

      27.000 0.000000000000          1           1.00
      33.000 0.100000000000         51           1.11
      37.000 0.200000000000        103           1.25
      41.000 0.300000000000        152           1.43
      45.000 0.400000000000        202           1.67
      49.000 0.500000000000        254           2.00
      51.000 0.550000000000        287           2.22
      53.000 0.600000000000        304           2.50
      58.000 0.650000000000        325           2.86
      64.000 0.700000000000        350           3.33
      73.000 0.750000000000        376           4.00
      82.000 0.775000000000        389           4.44
      86.000 0.800000000000        400           5.00
      95.000 0.825000000000        413           5.71
     107.000 0.850000000000        425           6.67
     129.000 0.875000000000        438           8.00
     134.000 0.887500000000        445           8.89
     138.000 0.900000000000        450          10.00
     159.000 0.912500000000        457          11.43
     172.000 0.925000000000        463          13.33
     200.000 0.937500000000        469          16.00
     227.000 0.943750000000        472          17.78
     241.000 0.950000000000        475          20.00
     266.000 0.956250000000        479          22.86
     279.000 0.962500000000        482          26.67
     311.000 0.968750000000        485          32.00
     329.000 0.971875000000        486          35.56
     371.000 0.975000000000        488          40.00
     479.000 0.978125000000        491          45.71
     479.000 0.981250000000        491          53.33
     508.000 0.984375000000        493          64.00
     508.000 0.985937500000        493          71.11
     571.000 0.987500000000        494          80.00
     581.000 0.989062500000        495          91.43
     607.000 0.990625000000        496         106.67
     638.000 0.992187500000        497         128.00
     638.000 0.992968750000        497         142.22
     638.000 0.993750000000        497         160.00
     659.000 0.994531250000        498         182.86
     659.000 0.995312500000        498         213.33
     675.000 0.996093750000        499         256.00
     675.000 0.996484375000        499         284.44
     675.000 0.996875000000        499         320.00
     675.000 0.997265625000        499         365.71
     675.000 0.997656250000        499         426.67
     717.000 0.998046875000        500         512.00
     717.000 1.000000000000        500
#[Mean    =       79.568, StdDeviation   =       94.051]
#[Max     =      717.000, Total count    =          500]
#[Buckets =           20, SubBuckets     =         2048]

50th Percentile : 
49
90th Percentile : 
138
95th Percentile : 
241
99th Percentile : 
581
99.9th Percentile : 
717
99.99th Percentile : 
717
99.999th Percentile : 
717
