Recorded latencies [in milli seconds]:
Workload Type : workload_E
Request/ Invocation/ DB Operation Type : HTTP_delete
Recorded completion times :
[457, 89, 66, 67, 121, 65, 60, 118, 58, 78, 122, 60, 55, 107, 80, 82, 73, 99, 76, 73, 66, 102, 65, 67, 66, 111, 70, 121, 112, 82, 65, 102, 84, 65, 82, 100, 70, 68, 70, 107, 59]

Histogram Distribution : 
       Value     Percentile TotalCount 1/(1-Percentile)

      55.000 0.000000000000          1           1.00
      60.000 0.100000000000          5           1.11
      65.000 0.200000000000          9           1.25
      67.000 0.300000000000         14           1.43
      70.000 0.400000000000         18           1.67
      76.000 0.500000000000         21           2.00
      80.000 0.550000000000         23           2.22
      82.000 0.600000000000         26           2.50
      84.000 0.650000000000         27           2.86
      99.000 0.700000000000         29           3.33
     102.000 0.750000000000         32           4.00
     102.000 0.775000000000         32           4.44
     107.000 0.800000000000         34           5.00
     107.000 0.825000000000         34           5.71
     111.000 0.850000000000         35           6.67
     112.000 0.875000000000         36           8.00
     118.000 0.887500000000         37           8.89
     118.000 0.900000000000         37          10.00
     121.000 0.912500000000         39          11.43
     121.000 0.925000000000         39          13.33
     121.000 0.937500000000         39          16.00
     121.000 0.943750000000         39          17.78
     121.000 0.950000000000         39          20.00
     122.000 0.956250000000         40          22.86
     122.000 0.962500000000         40          26.67
     122.000 0.968750000000         40          32.00
     122.000 0.971875000000         40          35.56
     122.000 0.975000000000         40          40.00
     457.000 0.978125000000         41          45.71
     457.000 1.000000000000         41
#[Mean    =       91.220, StdDeviation   =       61.199]
#[Max     =      457.000, Total count    =           41]
#[Buckets =           20, SubBuckets     =         2048]

50th Percentile : 
76
90th Percentile : 
118
95th Percentile : 
121
99th Percentile : 
457
99.9th Percentile : 
457
99.99th Percentile : 
457
99.999th Percentile : 
457
