Recorded latencies [in milli seconds]:
Workload Type : workload_E
Request/ Invocation/ DB Operation Type : HTTP_delete
Recorded completion times :
[983, 52, 85, 73, 100, 91, 82, 86, 108, 54, 72, 86, 137, 97, 88, 94, 110, 97, 77, 142, 92, 109, 95, 111, 88, 89, 120, 109, 46, 57, 109, 93, 108, 114, 104, 74, 81, 83, 113, 88, 75, 110, 76, 61, 120, 90, 114, 102, 84, 124, 91, 87, 106, 113, 191, 76, 124, 102, 91, 86, 82, 113, 83, 77, 91, 141, 66, 70, 120, 92, 63, 135, 71, 88, 59, 65, 77, 134, 78, 97, 119, 81, 89, 126, 98, 90, 133, 110, 79, 117, 142, 94, 135, 45, 65, 122, 68, 104, 73, 109, 80, 59, 109, 67, 88, 113, 79, 63, 97, 76, 99, 104, 72, 67, 104, 62, 57, 118, 69, 71, 120, 78, 80, 124, 74, 83, 132, 80, 82, 116, 61, 74, 106, 67, 47, 116, 68, 55, 102, 68, 69, 105, 65, 95, 109, 69, 68, 108, 60, 67, 165, 192, 76, 67, 108, 81, 71, 116, 82, 78, 122, 92, 75, 119, 77, 60, 95, 74, 70, 67, 98, 86, 67, 66, 97, 82, 121, 114, 77, 67, 107, 70, 71, 107, 68, 68, 99, 77, 58, 117, 107, 92, 128, 92, 109, 121, 124, 55, 103, 74, 57, 100, 64, 80, 68, 99, 111, 67, 106, 157, 40, 119, 70, 71, 117, 77, 56, 108, 60, 78, 108, 80, 68, 117, 169, 72, 53, 99, 76, 115, 109, 74, 89, 104, 81, 93, 97, 64, 69, 100, 68, 77, 107, 80, 70, 106, 70, 66, 94, 72, 60, 105, 74, 78, 107, 83, 65, 104, 67, 58, 110, 92, 66, 108, 71, 88, 140, 84, 79, 109, 68, 61, 97, 56, 41, 102, 78, 68, 96, 54, 40, 97, 81, 59, 91, 193, 64, 97, 62, 56, 102, 97, 59, 123, 76, 54, 121, 79, 79, 106, 74, 75, 102, 116, 56, 109, 93, 71, 129, 102, 85, 121, 56, 49, 83, 82, 94, 204, 257, 170, 235, 596, 93, 182, 135, 107, 131, 140, 167, 288, 288, 305, 129, 79, 94, 236, 110, 121, 163, 90, 114, 148, 118, 156, 139, 115, 110, 149, 108, 92, 149, 67, 345, 193, 178, 111, 119, 141, 112, 260, 98, 84, 139, 123, 253, 545, 467, 630, 345, 525, 216, 342, 274, 612, 568, 657, 687, 438, 321, 256, 176, 117, 243, 265, 194, 155, 192, 264, 218, 115, 114, 89, 51, 196, 201, 127, 188, 103, 155, 218, 119, 144, 143, 104, 180, 205, 286, 110, 194, 227, 102, 303, 157, 84, 316, 113, 148, 139, 175, 269, 327, 702, 748, 379, 269, 508, 143, 161, 151, 200, 120, 89, 131, 50, 61, 98, 67, 58, 67, 111, 65, 71, 76, 108, 93, 118, 79, 57, 87, 81, 68, 85, 237, 66, 67, 83, 76, 90, 65, 78, 123, 98, 290, 86, 228, 147, 61, 67, 71, 146, 46, 61, 61, 64, 66, 67, 79, 60, 48, 71, 66, 67, 68, 75, 82, 76, 78, 77, 75, 163, 86, 105, 138, 79, 80, 75, 77, 79, 69, 63]

Histogram Distribution : 
       Value     Percentile TotalCount 1/(1-Percentile)

      40.000 0.000000000000          2           1.00
      63.000 0.100000000000         51           1.11
      69.000 0.200000000000        103           1.25
      77.000 0.300000000000        158           1.43
      83.000 0.400000000000        202           1.67
      94.000 0.500000000000        254           2.00
      99.000 0.550000000000        277           2.22
     105.000 0.600000000000        300           2.50
     109.000 0.650000000000        330           2.86
     114.000 0.700000000000        352           3.33
     120.000 0.750000000000        377           4.00
     124.000 0.775000000000        391           4.44
     133.000 0.800000000000        400           5.00
     141.000 0.825000000000        413           5.71
     151.000 0.850000000000        425           6.67
     175.000 0.875000000000        438           8.00
     191.000 0.887500000000        444           8.89
     194.000 0.900000000000        450          10.00
     218.000 0.912500000000        458          11.43
     237.000 0.925000000000        463          13.33
     264.000 0.937500000000        469          16.00
     269.000 0.943750000000        472          17.78
     288.000 0.950000000000        476          20.00
     305.000 0.956250000000        479          22.86
     327.000 0.962500000000        482          26.67
     345.000 0.968750000000        485          32.00
     379.000 0.971875000000        486          35.56
     467.000 0.975000000000        488          40.00
     525.000 0.978125000000        490          45.71
     545.000 0.981250000000        491          53.33
     596.000 0.984375000000        493          64.00
     596.000 0.985937500000        493          71.11
     612.000 0.987500000000        494          80.00
     630.000 0.989062500000        495          91.43
     657.000 0.990625000000        496         106.67
     687.000 0.992187500000        497         128.00
     687.000 0.992968750000        497         142.22
     687.000 0.993750000000        497         160.00
     702.000 0.994531250000        498         182.86
     702.000 0.995312500000        498         213.33
     748.000 0.996093750000        499         256.00
     748.000 0.996484375000        499         284.44
     748.000 0.996875000000        499         320.00
     748.000 0.997265625000        499         365.71
     748.000 0.997656250000        499         426.67
     983.000 0.998046875000        500         512.00
     983.000 1.000000000000        500
#[Mean    =      121.634, StdDeviation   =      102.874]
#[Max     =      983.000, Total count    =          500]
#[Buckets =           20, SubBuckets     =         2048]

50th Percentile : 
94
90th Percentile : 
194
95th Percentile : 
288
99th Percentile : 
630
99.9th Percentile : 
983
99.99th Percentile : 
983
99.999th Percentile : 
983
