Recorded latencies [in milli seconds]:
Workload Type : workload_E
Request/ Invocation/ DB Operation Type : DB_deleteCourseById
Recorded completion times :
[37, 65, 38, 39, 49, 34, 30, 46, 32, 47, 49, 38, 42, 46, 47, 49, 41, 32, 39, 37, 33, 27, 31, 38, 29, 36, 35, 91, 30, 42, 31, 28, 58, 31, 39, 34, 38, 29, 33, 37, 30]

Histogram Distribution : 
       Value     Percentile TotalCount 1/(1-Percentile)

      27.000 0.000000000000          1           1.00
      30.000 0.100000000000          7           1.11
      31.000 0.200000000000         10           1.25
      33.000 0.300000000000         14           1.43
      35.000 0.400000000000         17           1.67
      37.000 0.500000000000         21           2.00
      38.000 0.550000000000         25           2.22
      38.000 0.600000000000         25           2.50
      39.000 0.650000000000         28           2.86
      41.000 0.700000000000         29           3.33
      42.000 0.750000000000         31           4.00
      46.000 0.775000000000         33           4.44
      46.000 0.800000000000         33           5.00
      47.000 0.825000000000         35           5.71
      47.000 0.850000000000         35           6.67
      49.000 0.875000000000         38           8.00
      49.000 0.887500000000         38           8.89
      49.000 0.900000000000         38          10.00
      49.000 0.912500000000         38          11.43
      49.000 0.925000000000         38          13.33
      58.000 0.937500000000         39          16.00
      58.000 0.943750000000         39          17.78
      58.000 0.950000000000         39          20.00
      65.000 0.956250000000         40          22.86
      65.000 0.962500000000         40          26.67
      65.000 0.968750000000         40          32.00
      65.000 0.971875000000         40          35.56
      65.000 0.975000000000         40          40.00
      91.000 0.978125000000         41          45.71
      91.000 1.000000000000         41
#[Mean    =       39.439, StdDeviation   =       11.521]
#[Max     =       91.000, Total count    =           41]
#[Buckets =           20, SubBuckets     =         2048]

50th Percentile : 
37
90th Percentile : 
49
95th Percentile : 
58
99th Percentile : 
91
99.9th Percentile : 
91
99.99th Percentile : 
91
99.999th Percentile : 
91
