Recorded latencies [in milli seconds]:
Workload Type : workload_E
Request/ Invocation/ DB Operation Type : SL_deleteCourseById
Recorded completion times :
[48, 75, 48, 49, 104, 47, 43, 99, 42, 62, 104, 51, 47, 96, 63, 62, 55, 86, 57, 50, 50, 86, 48, 51, 51, 94, 51, 106, 93, 63, 47, 91, 69, 47, 62, 87, 54, 49, 50, 91, 44]

Histogram Distribution : 
       Value     Percentile TotalCount 1/(1-Percentile)

      42.000 0.000000000000          1           1.00
      47.000 0.100000000000          7           1.11
      48.000 0.200000000000         10           1.25
      50.000 0.300000000000         15           1.43
      51.000 0.400000000000         19           1.67
      55.000 0.500000000000         21           2.00
      62.000 0.550000000000         25           2.22
      62.000 0.600000000000         25           2.50
      63.000 0.650000000000         27           2.86
      75.000 0.700000000000         29           3.33
      86.000 0.750000000000         31           4.00
      87.000 0.775000000000         32           4.44
      91.000 0.800000000000         34           5.00
      91.000 0.825000000000         34           5.71
      93.000 0.850000000000         35           6.67
      94.000 0.875000000000         36           8.00
      96.000 0.887500000000         37           8.89
      96.000 0.900000000000         37          10.00
      99.000 0.912500000000         38          11.43
      99.000 0.925000000000         38          13.33
     104.000 0.937500000000         40          16.00
     104.000 0.943750000000         40          17.78
     104.000 0.950000000000         40          20.00
     104.000 0.956250000000         40          22.86
     104.000 0.962500000000         40          26.67
     104.000 0.968750000000         40          32.00
     104.000 0.971875000000         40          35.56
     104.000 0.975000000000         40          40.00
     106.000 0.978125000000         41          45.71
     106.000 1.000000000000         41
#[Mean    =       65.171, StdDeviation   =       20.485]
#[Max     =      106.000, Total count    =           41]
#[Buckets =           20, SubBuckets     =         2048]

50th Percentile : 
55
90th Percentile : 
96
95th Percentile : 
104
99th Percentile : 
106
99.9th Percentile : 
106
99.99th Percentile : 
106
99.999th Percentile : 
106
