Recorded latencies [in milli seconds]:
Workload Type : workload_E
Request/ Invocation/ DB Operation Type : SL_deleteCourseById
Recorded completion times :
[330, 45, 68, 60, 83, 69, 58, 63, 78, 41, 53, 68, 117, 79, 70, 73, 83, 73, 63, 127, 73, 83, 73, 86, 68, 68, 99, 92, 38, 47, 95, 73, 90, 98, 83, 58, 63, 65, 95, 71, 60, 92, 64, 52, 112, 77, 93, 87, 66, 107, 75, 69, 92, 99, 176, 61, 109, 83, 70, 72, 64, 101, 68, 56, 75, 128, 55, 57, 97, 68, 49, 122, 63, 84, 53, 51, 61, 116, 69, 88, 107, 69, 73, 112, 83, 74, 114, 94, 64, 101, 127, 82, 128, 41, 57, 104, 52, 93, 63, 95, 67, 47, 95, 52, 73, 96, 64, 51, 86, 62, 85, 92, 60, 55, 94, 55, 45, 104, 59, 61, 108, 67, 69, 113, 64, 70, 115, 55, 71, 105, 52, 61, 95, 56, 42, 108, 57, 48, 91, 57, 57, 95, 56, 88, 93, 58, 56, 95, 48, 55, 151, 94, 70, 57, 98, 70, 57, 105, 72, 66, 109, 81, 61, 107, 66, 50, 84, 64, 54, 52, 85, 65, 56, 54, 86, 70, 108, 99, 65, 56, 95, 57, 57, 95, 58, 56, 92, 68, 48, 105, 93, 74, 108, 81, 96, 110, 117, 52, 98, 64, 45, 91, 52, 66, 55, 86, 102, 55, 88, 149, 35, 115, 62, 51, 106, 67, 46, 97, 49, 66, 96, 69, 51, 107, 159, 65, 50, 95, 69, 105, 98, 65, 83, 96, 70, 83, 87, 57, 58, 87, 58, 64, 96, 69, 58, 95, 59, 55, 85, 61, 49, 93, 61, 63, 96, 67, 53, 91, 57, 49, 99, 82, 57, 99, 59, 78, 131, 73, 67, 96, 57, 51, 91, 53, 36, 92, 69, 57, 87, 47, 38, 89, 72, 50, 84, 183, 56, 90, 55, 46, 91, 87, 47, 113, 65, 45, 111, 69, 69, 97, 62, 61, 95, 110, 49, 103, 84, 62, 120, 95, 80, 118, 54, 46, 80, 74, 81, 193, 251, 161, 223, 585, 83, 172, 127, 97, 120, 130, 162, 281, 279, 296, 119, 70, 83, 226, 103, 119, 157, 80, 104, 137, 106, 144, 130, 107, 101, 141, 99, 81, 141, 60, 338, 185, 169, 102, 110, 132, 102, 252, 87, 76, 128, 114, 245, 535, 458, 621, 340, 518, 206, 332, 265, 603, 559, 650, 678, 428, 315, 250, 170, 107, 230, 253, 183, 147, 186, 257, 211, 111, 109, 85, 47, 192, 197, 124, 184, 100, 151, 214, 116, 140, 137, 95, 171, 197, 280, 108, 191, 225, 96, 296, 149, 75, 311, 106, 139, 128, 166, 264, 320, 693, 738, 368, 261, 500, 138, 157, 147, 196, 116, 85, 128, 46, 57, 92, 63, 53, 63, 107, 61, 67, 71, 105, 88, 101, 75, 52, 83, 78, 64, 80, 234, 61, 58, 74, 67, 81, 57, 69, 118, 92, 282, 79, 223, 142, 54, 58, 63, 142, 42, 54, 51, 54, 57, 58, 69, 52, 42, 60, 56, 59, 58, 65, 74, 66, 66, 66, 67, 153, 75, 97, 128, 69, 69, 65, 67, 71, 59, 54]

Histogram Distribution : 
       Value     Percentile TotalCount 1/(1-Percentile)

      35.000 0.000000000000          1           1.00
      53.000 0.100000000000         53           1.11
      58.000 0.200000000000        106           1.25
      65.000 0.300000000000        156           1.43
      70.000 0.400000000000        203           1.67
      83.000 0.500000000000        257           2.00
      87.000 0.550000000000        276           2.22
      93.000 0.600000000000        301           2.50
      96.000 0.650000000000        326           2.86
     103.000 0.700000000000        351           3.33
     109.000 0.750000000000        377           4.00
     114.000 0.775000000000        388           4.44
     120.000 0.800000000000        401           5.00
     130.000 0.825000000000        414           5.71
     142.000 0.850000000000        425           6.67
     162.000 0.875000000000        438           8.00
     176.000 0.887500000000        444           8.89
     191.000 0.900000000000        450          10.00
     211.000 0.912500000000        457          11.43
     230.000 0.925000000000        463          13.33
     253.000 0.937500000000        469          16.00
     264.000 0.943750000000        472          17.78
     280.000 0.950000000000        475          20.00
     296.000 0.956250000000        479          22.86
     320.000 0.962500000000        482          26.67
     338.000 0.968750000000        485          32.00
     340.000 0.971875000000        486          35.56
     428.000 0.975000000000        488          40.00
     500.000 0.978125000000        490          45.71
     518.000 0.981250000000        491          53.33
     559.000 0.984375000000        493          64.00
     559.000 0.985937500000        493          71.11
     585.000 0.987500000000        494          80.00
     603.000 0.989062500000        495          91.43
     621.000 0.990625000000        496         106.67
     650.000 0.992187500000        497         128.00
     650.000 0.992968750000        497         142.22
     650.000 0.993750000000        497         160.00
     678.000 0.994531250000        498         182.86
     678.000 0.995312500000        498         213.33
     693.000 0.996093750000        499         256.00
     693.000 0.996484375000        499         284.44
     693.000 0.996875000000        499         320.00
     693.000 0.997265625000        499         365.71
     693.000 0.997656250000        499         426.67
     738.000 0.998046875000        500         512.00
     738.000 1.000000000000        500
#[Mean    =      109.610, StdDeviation   =       96.526]
#[Max     =      738.000, Total count    =          500]
#[Buckets =           20, SubBuckets     =         2048]

50th Percentile : 
83
90th Percentile : 
191
95th Percentile : 
280
99th Percentile : 
603
99.9th Percentile : 
738
99.99th Percentile : 
738
99.999th Percentile : 
738
