Recorded latencies [in milli seconds]:
Workload Type : workload_D
Request/ Invocation/ DB Operation Type : HTTP_ALL
Recorded completion times :
[641, 449, 172, 116, 95, 126, 251, 133, 130, 147, 160, 96, 225, 131, 96, 256, 130, 96, 94, 116, 109, 129, 78, 77, 78, 192, 190, 248, 155, 120, 108, 126, 95, 125, 127, 175, 172, 167, 82, 168, 102, 87, 86, 112, 115, 105, 78, 71, 74, 113, 82, 57, 100, 69, 96, 74, 156, 140, 151, 174, 137, 207, 76, 76, 138, 98, 83, 164, 184, 87, 76, 93, 80, 140, 108, 203, 230, 67, 56, 67, 170, 172, 151, 148, 231, 133, 61, 60, 55, 224, 112, 137, 130, 199, 161, 111, 75, 80, 110, 129, 94, 90, 70, 71, 104, 201, 165, 118, 155, 135, 97, 69, 119, 119, 79, 113, 132, 160, 93, 99, 124, 164, 145, 155, 91, 141, 114, 140, 143, 109, 94, 70, 155, 79, 170, 145, 170, 153, 143, 94, 224, 82, 149, 179, 82, 76, 134, 132, 93, 157, 182, 102, 131, 95, 85, 214, 186, 103, 117, 94, 134, 68, 65, 175, 142, 113, 145, 159, 79, 133, 159, 120, 78, 172, 214, 179, 207, 131, 167, 219, 146, 186, 90, 139, 450, 621, 154, 81, 193, 75, 81, 105, 145, 176, 115, 87, 94, 170, 306, 127, 151, 220, 170, 170, 75, 143, 201, 206, 236, 168, 283, 104, 92, 171, 229, 199, 141, 220, 211, 228, 267, 137, 186, 108, 93, 274, 85, 163, 97, 157, 82, 275, 88, 75, 127, 72, 84, 73, 169, 206, 164, 94, 131, 232, 229, 247, 96, 64, 175, 116, 128, 152, 245, 236, 150, 223, 493, 1018, 207, 205, 267, 280, 123, 139, 205, 213, 269, 214, 204, 219, 202, 197, 258, 223, 186, 409, 241, 209, 179, 161, 229, 214, 145, 180, 380, 219, 188, 195, 164, 212, 228, 162, 336, 543, 277, 261, 374, 526, 457, 455, 789, 578, 476, 623, 654, 504, 630, 531, 454, 541, 895, 683, 547, 331, 568, 339, 548, 495, 446, 595, 474, 567, 195, 229, 287, 364, 142, 92, 154, 80, 73, 77, 278, 196, 87, 72, 79, 98, 254, 84, 106, 140, 178, 186, 150, 135, 173, 87, 72, 209, 239, 81, 80, 160, 88, 76, 76, 74, 110, 159, 96, 86, 89, 165, 111, 129, 287, 98, 90, 183, 184, 141, 87, 160, 90, 78, 145, 89, 156, 99, 73, 73, 186, 256, 94, 86, 92, 92, 86, 103, 105, 104, 162, 77, 66, 147, 94, 125, 95, 111, 98, 83, 75, 85, 93, 87, 88, 90, 177, 142, 111, 84, 80, 99, 103, 86, 133, 90, 76, 77, 77, 90, 157, 91, 104, 150, 100, 87, 125, 92, 94, 103, 206, 92, 94, 102, 182, 95, 87, 173, 178, 262, 90, 94, 92, 195, 173, 191, 99, 99, 82, 184, 96, 113, 107, 147, 213, 148, 100, 105, 112, 166, 101, 103, 93, 177, 161, 99, 97, 87, 89, 189, 129, 100, 99, 129, 98, 140, 98, 118, 103, 99, 96, 183, 126, 141, 213, 93, 75, 96, 94, 197, 88, 102, 100, 130, 88, 104, 95, 85]

Histogram Distribution : 
       Value     Percentile TotalCount 1/(1-Percentile)

      55.000 0.000000000000          1           1.00
      78.000 0.100000000000         50           1.11
      89.000 0.200000000000        100           1.25
      96.000 0.300000000000        152           1.43
     109.000 0.400000000000        201           1.67
     131.000 0.500000000000        252           2.00
     141.000 0.550000000000        277           2.22
     151.000 0.600000000000        302           2.50
     161.000 0.650000000000        325           2.86
     172.000 0.700000000000        351           3.33
     186.000 0.750000000000        380           4.00
     195.000 0.775000000000        389           4.44
     205.000 0.800000000000        401           5.00
     213.000 0.825000000000        414           5.71
     223.000 0.850000000000        425           6.67
     236.000 0.875000000000        439           8.00
     248.000 0.887500000000        444           8.89
     261.000 0.900000000000        450          10.00
     277.000 0.912500000000        457          11.43
     306.000 0.925000000000        463          13.33
     380.000 0.937500000000        469          16.00
     449.000 0.943750000000        472          17.78
     455.000 0.950000000000        475          20.00
     493.000 0.956250000000        479          22.86
     526.000 0.962500000000        482          26.67
     543.000 0.968750000000        485          32.00
     547.000 0.971875000000        486          35.56
     567.000 0.975000000000        488          40.00
     578.000 0.978125000000        490          45.71
     595.000 0.981250000000        491          53.33
     623.000 0.984375000000        493          64.00
     623.000 0.985937500000        493          71.11
     630.000 0.987500000000        494          80.00
     641.000 0.989062500000        495          91.43
     654.000 0.990625000000        496         106.67
     683.000 0.992187500000        497         128.00
     683.000 0.992968750000        497         142.22
     683.000 0.993750000000        497         160.00
     789.000 0.994531250000        498         182.86
     789.000 0.995312500000        498         213.33
     895.000 0.996093750000        499         256.00
     895.000 0.996484375000        499         284.44
     895.000 0.996875000000        499         320.00
     895.000 0.997265625000        499         365.71
     895.000 0.997656250000        499         426.67
    1018.000 0.998046875000        500         512.00
    1018.000 1.000000000000        500
#[Mean    =      165.444, StdDeviation   =      123.128]
#[Max     =     1018.000, Total count    =          500]
#[Buckets =           20, SubBuckets     =         2048]

50th Percentile : 
131
90th Percentile : 
261
95th Percentile : 
455
99th Percentile : 
641
99.9th Percentile : 
1018
99.99th Percentile : 
1018
99.999th Percentile : 
1018
