Recorded latencies [in milli seconds]:
Workload Type : workload_D
Request/ Invocation/ DB Operation Type : DB_ALL
Recorded completion times :
[68, 393, 74, 47, 48, 41, 154, 54, 46, 53, 57, 33, 130, 44, 44, 127, 52, 39, 50, 32, 45, 42, 40, 37, 36, 73, 98, 149, 69, 46, 40, 54, 56, 46, 64, 47, 66, 61, 34, 49, 59, 51, 43, 38, 83, 33, 50, 30, 38, 39, 51, 32, 34, 34, 29, 48, 38, 43, 52, 41, 51, 65, 50, 43, 48, 55, 43, 51, 71, 58, 46, 34, 45, 36, 43, 38, 50, 41, 32, 34, 52, 43, 48, 60, 127, 43, 37, 35, 28, 53, 66, 48, 54, 60, 54, 60, 44, 48, 31, 47, 38, 41, 36, 33, 37, 126, 41, 42, 49, 47, 34, 30, 37, 43, 34, 55, 33, 64, 48, 49, 47, 43, 55, 52, 52, 47, 53, 44, 48, 42, 39, 33, 31, 44, 32, 45, 60, 34, 41, 33, 132, 41, 32, 44, 35, 29, 43, 41, 49, 53, 45, 43, 44, 50, 41, 135, 95, 49, 29, 47, 52, 35, 31, 35, 55, 39, 57, 49, 45, 33, 38, 51, 41, 80, 103, 78, 66, 69, 82, 70, 56, 71, 43, 79, 390, 545, 101, 48, 48, 40, 44, 52, 51, 58, 63, 46, 59, 78, 53, 66, 65, 111, 78, 50, 39, 44, 75, 65, 102, 68, 148, 36, 59, 58, 96, 86, 90, 142, 105, 87, 139, 55, 55, 65, 50, 103, 36, 46, 56, 38, 37, 123, 42, 37, 41, 34, 39, 36, 30, 66, 55, 53, 45, 103, 62, 140, 59, 32, 35, 44, 55, 51, 144, 118, 110, 99, 357, 707, 76, 93, 130, 153, 71, 94, 84, 96, 139, 94, 84, 101, 155, 148, 124, 87, 63, 281, 123, 93, 72, 86, 111, 91, 58, 69, 228, 88, 70, 90, 64, 88, 99, 114, 201, 420, 143, 114, 244, 373, 291, 370, 574, 291, 340, 477, 492, 361, 466, 406, 333, 389, 728, 558, 295, 247, 444, 225, 408, 320, 303, 447, 329, 481, 95, 106, 149, 216, 39, 42, 43, 41, 30, 35, 169, 48, 48, 31, 37, 46, 149, 40, 46, 41, 54, 55, 53, 95, 55, 46, 37, 34, 133, 37, 33, 30, 39, 32, 32, 36, 29, 80, 49, 42, 43, 46, 46, 46, 94, 51, 46, 58, 63, 44, 36, 38, 44, 33, 30, 44, 35, 57, 35, 30, 34, 105, 46, 44, 47, 45, 42, 46, 51, 48, 48, 35, 30, 31, 42, 34, 39, 33, 46, 36, 32, 36, 48, 37, 38, 45, 50, 34, 48, 36, 31, 52, 49, 38, 39, 42, 30, 30, 32, 35, 88, 40, 41, 47, 53, 42, 46, 48, 50, 45, 53, 47, 44, 49, 59, 46, 41, 42, 44, 149, 40, 38, 36, 37, 51, 59, 40, 52, 32, 64, 42, 60, 57, 51, 62, 43, 42, 43, 60, 51, 47, 49, 35, 49, 46, 47, 52, 34, 35, 47, 67, 42, 51, 30, 36, 49, 40, 64, 49, 45, 47, 50, 34, 35, 59, 43, 30, 39, 38, 45, 35, 46, 47, 36, 39, 50, 48, 30]

Histogram Distribution : 
       Value     Percentile TotalCount 1/(1-Percentile)

      28.000 0.000000000000          1           1.00
      34.000 0.100000000000         60           1.11
      38.000 0.200000000000        111           1.25
      42.000 0.300000000000        160           1.43
      45.000 0.400000000000        204           1.67
      48.000 0.500000000000        257           2.00
      50.000 0.550000000000        281           2.22
      52.000 0.600000000000        304           2.50
      55.000 0.650000000000        328           2.86
      60.000 0.700000000000        353           3.33
      68.000 0.750000000000        376           4.00
      75.000 0.775000000000        388           4.44
      86.000 0.800000000000        401           5.00
      94.000 0.825000000000        414           5.71
     102.000 0.850000000000        425           6.67
     123.000 0.875000000000        439           8.00
     130.000 0.887500000000        445           8.89
     139.000 0.900000000000        450          10.00
     149.000 0.912500000000        460          11.43
     155.000 0.925000000000        463          13.33
     244.000 0.937500000000        469          16.00
     291.000 0.943750000000        473          17.78
     303.000 0.950000000000        475          20.00
     340.000 0.956250000000        479          22.86
     370.000 0.962500000000        482          26.67
     390.000 0.968750000000        485          32.00
     393.000 0.971875000000        486          35.56
     408.000 0.975000000000        488          40.00
     444.000 0.978125000000        490          45.71
     447.000 0.981250000000        491          53.33
     477.000 0.984375000000        493          64.00
     477.000 0.985937500000        493          71.11
     481.000 0.987500000000        494          80.00
     492.000 0.989062500000        495          91.43
     545.000 0.990625000000        496         106.67
     558.000 0.992187500000        497         128.00
     558.000 0.992968750000        497         142.22
     558.000 0.993750000000        497         160.00
     574.000 0.994531250000        498         182.86
     574.000 0.995312500000        498         213.33
     707.000 0.996093750000        499         256.00
     707.000 0.996484375000        499         284.44
     707.000 0.996875000000        499         320.00
     707.000 0.997265625000        499         365.71
     707.000 0.997656250000        499         426.67
     728.000 0.998046875000        500         512.00
     728.000 1.000000000000        500
#[Mean    =       79.934, StdDeviation   =       95.682]
#[Max     =      728.000, Total count    =          500]
#[Buckets =           20, SubBuckets     =         2048]

50th Percentile : 
48
90th Percentile : 
139
95th Percentile : 
303
99th Percentile : 
492
99.9th Percentile : 
728
99.99th Percentile : 
728
99.999th Percentile : 
728
