Recorded latencies [in milli seconds]:
Workload Type : workload_D
Request/ Invocation/ DB Operation Type : SL_ALL
Recorded completion times :
[162, 419, 105, 78, 67, 64, 186, 83, 71, 86, 91, 48, 171, 79, 61, 166, 87, 62, 68, 66, 66, 71, 54, 53, 51, 117, 133, 193, 98, 75, 63, 79, 71, 71, 88, 121, 102, 93, 50, 72, 73, 65, 58, 93, 97, 87, 60, 43, 48, 92, 60, 40, 86, 45, 80, 58, 102, 78, 82, 110, 83, 102, 59, 56, 72, 70, 57, 120, 139, 67, 55, 55, 61, 99, 67, 112, 107, 49, 41, 43, 119, 112, 86, 86, 155, 72, 45, 43, 36, 133, 83, 70, 79, 143, 81, 80, 56, 58, 84, 72, 58, 66, 44, 49, 86, 148, 103, 66, 82, 75, 53, 41, 90, 60, 50, 74, 88, 92, 64, 63, 69, 103, 83, 84, 61, 71, 74, 101, 67, 70, 50, 43, 85, 59, 92, 74, 91, 95, 69, 50, 158, 58, 66, 109, 51, 40, 67, 62, 62, 77, 113, 65, 68, 62, 53, 161, 112, 70, 83, 62, 75, 48, 40, 100, 111, 58, 83, 83, 57, 55, 110, 61, 52, 102, 133, 107, 96, 81, 105, 138, 80, 97, 62, 95, 414, 575, 112, 56, 110, 51, 57, 65, 74, 86, 80, 55, 67, 109, 210, 98, 84, 133, 101, 71, 49, 96, 103, 131, 137, 88, 178, 53, 67, 80, 124, 113, 114, 165, 125, 112, 174, 77, 79, 80, 64, 166, 55, 68, 67, 61, 45, 187, 54, 45, 93, 43, 53, 43, 80, 107, 75, 64, 71, 126, 130, 170, 67, 39, 109, 67, 76, 109, 163, 143, 121, 156, 392, 961, 108, 108, 157, 185, 83, 107, 150, 118, 170, 118, 112, 126, 165, 164, 149, 114, 101, 309, 149, 112, 92, 114, 137, 118, 82, 91, 257, 116, 99, 109, 87, 112, 138, 129, 299, 451, 173, 151, 275, 416, 324, 393, 718, 372, 374, 509, 520, 391, 495, 434, 358, 419, 770, 586, 322, 269, 469, 256, 443, 383, 329, 488, 361, 508, 116, 137, 202, 244, 63, 51, 60, 50, 37, 41, 188, 84, 56, 39, 46, 54, 179, 48, 57, 101, 72, 72, 76, 105, 76, 53, 44, 93, 153, 45, 41, 81, 50, 39, 39, 43, 77, 100, 60, 51, 52, 64, 62, 82, 154, 60, 54, 83, 91, 102, 44, 56, 53, 39, 83, 53, 51, 65, 43, 39, 100, 136, 56, 52, 56, 54, 49, 55, 63, 60, 65, 44, 36, 89, 53, 51, 50, 45, 54, 45, 40, 45, 58, 46, 46, 53, 75, 86, 59, 47, 39, 60, 57, 46, 92, 49, 37, 39, 40, 42, 111, 51, 67, 100, 64, 51, 65, 57, 62, 54, 112, 59, 53, 60, 118, 54, 48, 58, 74, 171, 47, 46, 52, 102, 70, 75, 53, 59, 39, 130, 50, 66, 64, 71, 85, 100, 51, 52, 69, 70, 58, 56, 42, 71, 97, 56, 59, 42, 44, 67, 87, 61, 63, 85, 47, 68, 49, 72, 57, 54, 56, 67, 86, 57, 83, 50, 38, 49, 48, 101, 43, 56, 54, 86, 48, 60, 55, 38]

Histogram Distribution : 
       Value     Percentile TotalCount 1/(1-Percentile)

      36.000 0.000000000000          2           1.00
      46.000 0.100000000000         54           1.11
      53.000 0.200000000000        107           1.25
      58.000 0.300000000000        152           1.43
      65.000 0.400000000000        200           1.67
      74.000 0.500000000000        254           2.00
      80.000 0.550000000000        279           2.22
      84.000 0.600000000000        301           2.50
      91.000 0.650000000000        326           2.86
     100.000 0.700000000000        351           3.33
     109.000 0.750000000000        379           4.00
     112.000 0.775000000000        393           4.44
     116.000 0.800000000000        400           5.00
     126.000 0.825000000000        413           5.71
     137.000 0.850000000000        425           6.67
     155.000 0.875000000000        438           8.00
     163.000 0.887500000000        444           8.89
     170.000 0.900000000000        451          10.00
     179.000 0.912500000000        457          11.43
     202.000 0.925000000000        463          13.33
     275.000 0.937500000000        469          16.00
     322.000 0.943750000000        472          17.78
     358.000 0.950000000000        475          20.00
     383.000 0.956250000000        479          22.86
     393.000 0.962500000000        482          26.67
     419.000 0.968750000000        486          32.00
     419.000 0.971875000000        486          35.56
     443.000 0.975000000000        488          40.00
     469.000 0.978125000000        490          45.71
     488.000 0.981250000000        491          53.33
     508.000 0.984375000000        493          64.00
     508.000 0.985937500000        493          71.11
     509.000 0.987500000000        494          80.00
     520.000 0.989062500000        495          91.43
     575.000 0.990625000000        496         106.67
     586.000 0.992187500000        497         128.00
     586.000 0.992968750000        497         142.22
     586.000 0.993750000000        497         160.00
     718.000 0.994531250000        498         182.86
     718.000 0.995312500000        498         213.33
     770.000 0.996093750000        499         256.00
     770.000 0.996484375000        499         284.44
     770.000 0.996875000000        499         320.00
     770.000 0.997265625000        499         365.71
     770.000 0.997656250000        499         426.67
     961.000 0.998046875000        500         512.00
     961.000 1.000000000000        500
#[Mean    =      105.826, StdDeviation   =      104.422]
#[Max     =      961.000, Total count    =          500]
#[Buckets =           20, SubBuckets     =         2048]

50th Percentile : 
74
90th Percentile : 
170
95th Percentile : 
358
99th Percentile : 
520
99.9th Percentile : 
961
99.99th Percentile : 
961
99.999th Percentile : 
961
