Recorded latencies [in milli seconds]:
Workload Type : workloadAAA
Request/ Invocation/ DB Operation Type : ALL
Recorded completion times :
[2, 1, 1, 1, 0, 2, 4, 1, 1, 2, 2, 1, 3, 1, 1, 1, 1, 1, 1, 2, 1, 1, 0, 1, 1, 3, 4, 1, 1, 1, 3, 2, 0, 1, 1, 2, 2, 2, 0, 2, 1, 1, 0, 0, 1, 0, 0, 0, 2, 1, 1, 0, 0, 0, 0, 2, 1, 2, 2, 0, 2, 3, 1, 1, 2, 1, 1, 1, 7, 0, 0, 3, 1, 2, 1, 2, 3, 1, 0, 1, 1, 1, 2, 2, 2, 2, 1, 1, 0, 13, 1, 2, 2, 2, 2, 1, 1, 1, 0, 1, 1, 0, 1, 1, 0, 2, 2, 2, 3, 1, 2, 1, 1, 1, 1, 1, 3, 2, 1, 1, 2, 1, 3, 4, 1, 1, 1, 1, 2, 2, 1, 1, 1, 0, 2, 2, 2, 1, 2, 1, 3, 1, 5, 2, 0, 1, 2, 2, 1, 4, 2, 1, 2, 1, 1, 1, 1, 1, 1, 1, 2, 1, 0, 3, 1, 2, 2, 2, 1, 3, 1, 2, 1, 4, 2, 2, 2, 1, 1, 2, 1, 2, 1, 7, 2, 2, 1, 1, 3, 1, 1, 1, 4, 2, 0, 1, 1, 2, 2, 1, 2, 2, 2, 2, 1, 2, 3, 2, 3, 2, 2, 1, 1, 3, 3, 4, 2, 5, 2, 3, 5, 1, 2, 0, 1, 2, 1, 4, 0, 2, 1, 2, 1, 0, 1, 1, 1, 1, 1, 3, 2, 0, 2, 2, 2, 3, 1, 1, 1, 4, 1, 1, 1, 3, 1, 1, 2, 2, 2, 3, 3, 3, 1, 1, 5, 2, 3, 4, 6, 3, 3, 0, 3, 4, 4, 3, 2, 3, 1, 4, 2, 3, 4, 1, 2, 3, 3, 2, 2, 3, 4, 1, 3, 2, 3, 4, 3, 3, 3, 2, 3, 2, 3, 3, 2, 3, 4, 2, 2, 2, 5, 2, 6, 3, 3, 2, 5, 3, 3, 6, 3, 2, 2, 4, 6, 2, 2, 1, 3, 1, 1, 1, 3, 3, 1, 1, 0, 1, 3, 1, 1, 1, 2, 2, 3, 1, 4, 1, 1, 3, 2, 0, 1, 0, 2, 1, 1, 1, 1, 2, 1, 1, 0, 2, 0, 1, 1, 1, 1, 3, 3, 1, 1, 2, 0, 1, 0, 1, 3, 1, 1, 1, 4, 3, 1, 1, 0, 2, 1, 1, 1, 1, 3, 0, 1, 3, 0, 2, 1, 1, 1, 1, 1, 1, 0, 1, 0, 1, 6, 0, 2, 0, 0, 1, 0, 0, 0, 1, 0, 0, 1, 1, 1, 1, 1, 1, 1, 1, 3, 0, 1, 1, 2, 0, 1, 0, 1, 1, 1, 2, 2, 3, 1, 1, 1, 2, 3, 2, 1, 1, 1, 3, 1, 1, 1, 2, 3, 1, 1, 1, 1, 2, 1, 1, 1, 8, 1, 1, 1, 1, 1, 2, 1, 2, 0, 1, 1, 2, 0, 20, 1, 1, 1, 2, 1, 4, 3, 1, 1, 7, 1, 2, 1, 0, 1, 1, 1, 1, 1, 1]

Histogram Distribution : 
       Value     Percentile TotalCount 1/(1-Percentile)

       0.000 0.000000000000         56           1.00
       0.000 0.100000000000         56           1.11
       1.000 0.200000000000        276           1.25
       1.000 0.300000000000        276           1.43
       1.000 0.400000000000        276           1.67
       1.000 0.500000000000        276           2.00
       1.000 0.550000000000        276           2.22
       2.000 0.600000000000        396           2.50
       2.000 0.650000000000        396           2.86
       2.000 0.700000000000        396           3.33
       2.000 0.750000000000        396           4.00
       2.000 0.775000000000        396           4.44
       3.000 0.800000000000        462           5.00
       3.000 0.825000000000        462           5.71
       3.000 0.850000000000        462           6.67
       3.000 0.875000000000        462           8.00
       3.000 0.887500000000        462           8.89
       3.000 0.900000000000        462          10.00
       3.000 0.912500000000        462          11.43
       4.000 0.925000000000        483          13.33
       4.000 0.937500000000        483          16.00
       4.000 0.943750000000        483          17.78
       4.000 0.950000000000        483          20.00
       4.000 0.956250000000        483          22.86
       4.000 0.962500000000        483          26.67
       5.000 0.968750000000        489          32.00
       5.000 0.971875000000        489          35.56
       5.000 0.975000000000        489          40.00
       6.000 0.978125000000        494          45.71
       6.000 0.981250000000        494          53.33
       6.000 0.984375000000        494          64.00
       6.000 0.985937500000        494          71.11
       6.000 0.987500000000        494          80.00
       7.000 0.989062500000        497          91.43
       7.000 0.990625000000        497         106.67
       7.000 0.992187500000        497         128.00
       7.000 0.992968750000        497         142.22
       7.000 0.993750000000        497         160.00
       8.000 0.994531250000        498         182.86
       8.000 0.995312500000        498         213.33
      13.000 0.996093750000        499         256.00
      13.000 0.996484375000        499         284.44
      13.000 0.996875000000        499         320.00
      13.000 0.997265625000        499         365.71
      13.000 0.997656250000        499         426.67
      20.000 0.998046875000        500         512.00
      20.000 1.000000000000        500
#[Mean    =        1.728, StdDeviation   =        1.579]
#[Max     =       20.000, Total count    =          500]
#[Buckets =           20, SubBuckets     =         2048]

50th Percentile : 
1
90th Percentile : 
3
95th Percentile : 
4
99th Percentile : 
7
99.9th Percentile : 
20
99.99th Percentile : 
20
99.999th Percentile : 
20
