Recorded latencies [in milli seconds]:
Workload Type : workload_E
Request/ Invocation/ DB Operation Type : HTTP_delete
Recorded completion times :
[895, 79, 54, 41, 97, 61, 83, 95, 73, 65, 106, 72, 52, 97, 60, 66, 109, 86, 40, 113, 42, 67, 87, 47, 45, 97, 67, 47, 87, 47, 48, 151, 64, 67, 95, 60, 71, 107, 71, 64, 118, 71, 68, 116, 110, 55, 103, 72, 62, 106, 64, 73, 107, 65, 58, 107, 75, 52, 96, 81, 143, 101, 91, 99, 65, 102, 77, 55, 97, 71, 60, 108, 54, 74, 100, 72, 61, 116, 73, 60, 119, 82, 61, 99, 71, 70, 96, 66, 70, 103, 70, 85, 103, 73, 62, 109, 93, 69, 124, 155, 71, 111, 81, 78, 108, 80, 72, 145, 98, 56, 56, 99, 56, 56, 88, 59, 48, 154, 60, 56, 96, 48, 67, 101, 66, 56, 103, 66, 55, 95, 58, 68, 109, 69, 65, 113, 67, 70, 103, 72, 79, 107, 71, 67, 103, 155, 61, 99, 68, 67, 101, 80, 62, 97, 45, 94, 104, 68, 53, 103, 87, 69, 97, 139, 44, 95, 72, 56, 108, 75, 89, 94, 122, 79, 76, 122, 79, 89, 130, 68, 70, 121, 704, 218, 111, 78, 64, 102, 56, 71, 114, 76, 68, 72, 98, 76, 64, 86, 41, 60, 93, 52, 67, 119, 71, 66, 107, 58, 70, 112, 65, 77, 113, 75, 61, 104, 79, 67, 113, 78, 69, 131, 77, 58, 95, 66, 42, 87, 56, 33, 86, 79, 59, 111, 63, 67, 104, 72, 69, 122, 71, 77, 114, 73, 72, 118, 81, 66, 117, 71, 69, 111, 81, 58, 105, 86, 92, 87, 104, 74, 57, 122, 59, 45, 95, 79, 58, 91, 60, 56, 106, 59, 60, 93, 57, 67, 100, 145, 57, 105, 68, 45, 95, 69, 80, 111, 65, 73, 128, 77, 65, 113, 67, 58, 109, 102, 55, 101, 77, 56, 109, 58, 55, 97, 57, 54, 100, 160, 83, 96, 75, 55, 97, 72, 67, 106, 61, 68, 110, 76, 64, 95, 48, 65, 105, 72, 66, 137, 82, 56, 97, 106, 63, 101, 60, 55, 98, 137, 52, 110, 96, 44, 94, 59, 68, 100, 40, 61, 93, 60, 69, 113, 74, 85, 102, 81, 68, 109, 67, 73, 86, 100, 66, 71, 104, 72, 74, 103, 77, 110, 102, 296, 61, 87, 40, 48, 117, 60, 55, 56, 97, 60, 50, 86, 67, 67, 107, 73, 73, 123, 90, 67, 110, 79, 69, 115, 73, 66, 111, 56, 57, 97, 139, 131, 94, 65, 62, 98, 58, 60, 76, 101, 75, 54, 100, 60, 57, 118, 81, 51, 101, 69, 58, 78, 103, 173, 70, 109, 66, 88, 111, 102, 65, 109, 151, 75, 127, 49, 72, 173, 52, 49, 103, 82, 138, 172, 402, 146, 237, 113, 86, 159, 129, 200, 299, 156, 174, 146, 163, 93, 77, 207, 104, 200, 119, 114, 89, 197, 104, 168, 132, 134, 91, 136, 132, 88, 153, 200, 111, 200, 124, 125, 118, 86, 81, 191, 218, 110, 183, 104, 199, 146, 115, 409, 441, 470, 1102, 315, 319, 626, 393, 138, 139, 241, 107, 56, 95, 51, 94, 176, 110, 96, 71, 101, 53, 85, 105, 75, 53, 106, 136, 81, 103, 257, 57, 91, 183, 62, 88, 189, 123, 49, 56, 51, 100, 46, 78, 50, 50, 57, 54, 57, 54, 67, 47, 54, 65, 42, 116, 51, 35, 56, 61, 65, 88, 57, 67, 72, 63, 70, 61, 56, 56, 56, 68, 73, 49, 53, 44, 51, 55, 125, 53, 60, 67, 64, 55, 56, 54, 58, 58, 53, 97, 59, 55, 57, 57, 75, 72, 71, 40, 55, 62, 92, 60, 60, 67, 65, 72, 72, 69, 71, 115, 57, 74, 75, 64, 138, 64, 133, 58, 69, 68, 65, 53, 55, 57, 70, 66, 88, 67, 57, 54, 56, 66, 68, 66, 66, 66, 68, 67, 66, 68, 90, 76, 87, 67, 71, 79, 68, 56, 59, 76, 73, 73, 69, 60, 65, 140, 62, 64, 202, 69, 55, 58, 50, 56, 79, 59, 102, 53, 49, 67, 52, 73, 69, 80, 65, 65, 76, 74, 74, 60, 54, 56, 45, 62, 75, 82, 65, 110, 71, 57, 76, 59, 70, 96, 65, 56, 54, 80, 62, 62, 78, 59, 64, 66, 58, 65, 58, 53, 81, 63, 70, 76, 78, 71, 70, 50, 94, 63, 74, 79, 66, 68, 70, 84, 68, 68, 92, 64, 66, 54, 62, 206, 68, 78, 54, 56, 65, 62, 61, 78, 51, 49, 57, 55, 67, 70, 66, 89, 70, 75, 86, 88, 61, 81, 76, 79, 76, 81, 75, 75, 71, 172, 101, 55, 71, 73, 83, 121, 55, 59, 64, 54, 58, 73, 63, 44, 33, 34, 41, 58, 66, 61, 63, 66, 68, 83, 54, 54, 45, 50, 55, 69, 64, 95, 71, 76, 64, 58, 49, 58, 59, 81, 48, 42, 59, 57, 114, 54, 90, 141, 57, 53, 57, 59, 47, 33, 34, 52, 58, 67, 69, 69, 62, 69, 66, 64, 68, 89, 76, 72, 73, 111, 149, 53, 57, 71, 70, 55, 58, 58, 71, 60, 50, 131, 57, 53, 56, 57, 67, 62, 108, 59, 57, 57, 55, 74, 57, 80, 68, 67, 106, 55, 60, 52, 57, 54, 53, 68, 75, 62, 53, 67, 61, 79, 59, 61, 59, 56, 62, 162, 65, 71, 65, 100, 69, 54, 113, 53, 59, 54, 58, 52, 68, 69, 75, 78, 69, 65, 68, 69, 123, 188, 87, 298, 356, 124, 195, 275, 88, 103, 100, 234, 107, 400, 135, 100, 111, 52, 120, 102, 88, 61, 91, 88, 84, 77, 84, 65, 102, 110, 173, 112, 77, 79, 87, 120, 254, 87, 107, 86, 89, 109, 91, 109, 91, 110, 79, 192, 163, 158, 108, 113, 97, 178, 142, 207, 114, 152, 189, 134, 247, 198, 127, 137, 291, 408, 322, 872, 333, 182, 304, 109, 100, 250, 154, 123, 176, 108, 95, 69, 71, 84, 68, 65, 60, 59, 54, 62, 52, 54, 163, 70, 43, 50, 66, 56, 54, 58, 58, 58, 57, 45, 45, 51, 52, 268, 98, 57, 301, 213, 64, 57, 67, 54, 57, 57, 67, 144, 60, 51, 171, 47, 34, 49, 46, 56, 55, 55, 55, 46, 52, 67, 44, 48, 45, 68, 54, 47, 54, 59, 52, 49, 64, 66, 81, 72, 71, 58, 166, 64, 97, 50, 66, 47, 110, 66, 80, 57, 54, 57, 55, 57, 59, 51, 59, 151, 68, 63, 58, 67, 57, 58, 58, 62, 58, 62, 61, 68, 65, 79, 69, 63, 113, 78, 66, 70, 65, 76, 67, 54, 57, 63, 110, 63, 69, 49, 47, 92, 55, 58, 75, 57, 55, 53, 44, 59, 69, 119, 56, 57, 57, 55, 55, 62, 60, 58, 54, 67, 62, 61, 59, 75, 77, 79, 66, 67, 75, 69, 70, 65, 135, 81, 76, 69, 77, 67, 63, 55, 57, 59, 63, 61, 72, 56, 58, 54, 67, 65, 59, 65, 73, 60, 56, 58, 56, 71, 70, 62, 55, 56, 66, 66, 78, 86, 72, 64, 64, 73, 119, 70, 63, 56, 56, 54, 59, 67, 57, 54, 56, 70, 62, 59, 53, 82, 50, 59, 66, 57, 55, 62, 47, 62, 52, 58, 67, 73, 90, 68, 76, 63, 53, 65, 64, 63, 52, 48, 117, 179, 45, 55, 103, 63, 57, 56, 56, 54, 54, 59, 53, 62, 63, 55, 55, 77, 56, 58, 58, 85, 69, 64, 69, 67, 65, 89, 90, 72, 66, 67, 85, 75, 70, 110, 126, 67, 75, 69, 71, 46, 46, 54, 58, 68, 56, 56, 58, 53, 59, 67, 76, 67, 62, 61, 78, 70, 45, 45, 52, 67, 75, 71, 77, 78, 81, 83, 69, 68, 64, 80, 78, 64, 49, 207, 86, 54, 49, 62, 90, 43, 33, 53, 57, 65, 55, 56, 56, 59, 67, 57, 46, 44, 45, 53, 103, 77, 99, 75, 69, 65, 68, 81, 69, 55, 53, 45, 67, 76, 64, 68, 80, 154, 56, 66, 66, 57, 56, 66, 59, 63, 56, 54, 57]

Histogram Distribution : 
       Value     Percentile TotalCount 1/(1-Percentile)

      33.000 0.000000000000          4           1.00
      53.000 0.100000000000        137           1.11
      57.000 0.200000000000        308           1.25
      60.000 0.300000000000        407           1.43
      65.000 0.400000000000        535           1.67
      69.000 0.500000000000        691           2.00
      71.000 0.550000000000        744           2.22
      74.000 0.600000000000        795           2.50
      78.000 0.650000000000        866           2.86
      85.000 0.700000000000        927           3.33
      94.000 0.750000000000        994           4.00
      98.000 0.775000000000       1031           4.44
     102.000 0.800000000000       1065           5.00
     106.000 0.825000000000       1098           5.71
     110.000 0.850000000000       1137           6.67
     113.000 0.875000000000       1159           8.00
     118.000 0.887500000000       1177           8.89
     123.000 0.900000000000       1194          10.00
     132.000 0.912500000000       1210          11.43
     139.000 0.925000000000       1226          13.33
     153.000 0.937500000000       1242          16.00
     159.000 0.943750000000       1250          17.78
     171.000 0.950000000000       1258          20.00
     178.000 0.956250000000       1267          22.86
     191.000 0.962500000000       1275          26.67
     200.000 0.968750000000       1284          32.00
     207.000 0.971875000000       1289          35.56
     218.000 0.975000000000       1292          40.00
     247.000 0.978125000000       1296          45.71
     268.000 0.981250000000       1300          53.33
     298.000 0.984375000000       1304          64.00
     301.000 0.985937500000       1306          71.11
     315.000 0.987500000000       1308          80.00
     322.000 0.989062500000       1310          91.43
     356.000 0.990625000000       1312         106.67
     400.000 0.992187500000       1314         128.00
     402.000 0.992968750000       1315         142.22
     408.000 0.993750000000       1316         160.00
     409.000 0.994531250000       1317         182.86
     441.000 0.995312500000       1318         213.33
     470.000 0.996093750000       1319         256.00
     626.000 0.996484375000       1320         284.44
     626.000 0.996875000000       1320         320.00
     704.000 0.997265625000       1321         365.71
     704.000 0.997656250000       1321         426.67
     872.000 0.998046875000       1322         512.00
     872.000 0.998242187500       1322         568.89
     872.000 0.998437500000       1322         640.00
     895.000 0.998632812500       1323         731.43
     895.000 0.998828125000       1323         853.33
     895.000 0.999023437500       1323        1024.00
     895.000 0.999121093750       1323        1137.78
     895.000 0.999218750000       1323        1280.00
    1102.000 0.999316406250       1324        1462.86
    1102.000 1.000000000000       1324
#[Mean    =       86.104, StdDeviation   =       66.472]
#[Max     =     1102.000, Total count    =         1324]
#[Buckets =           20, SubBuckets     =         2048]

50th Percentile : 
69
90th Percentile : 
123
95th Percentile : 
171
99th Percentile : 
333
99.9th Percentile : 
895
99.99th Percentile : 
1102
99.999th Percentile : 
1102
