Recorded latencies [in milli seconds]:
Workload Type : workload_E
Request/ Invocation/ DB Operation Type : SL_deleteCourseById
Recorded completion times :
[205, 73, 46, 35, 91, 55, 77, 89, 63, 57, 97, 67, 46, 90, 53, 54, 100, 79, 37, 107, 37, 62, 82, 43, 40, 89, 60, 43, 82, 41, 41, 142, 54, 57, 86, 50, 61, 98, 61, 54, 105, 60, 57, 100, 105, 51, 97, 60, 51, 98, 54, 60, 92, 55, 48, 96, 63, 42, 84, 70, 134, 90, 79, 83, 55, 90, 64, 43, 87, 60, 46, 98, 44, 59, 90, 63, 49, 108, 62, 47, 105, 71, 51, 85, 61, 55, 87, 56, 57, 92, 61, 74, 93, 61, 50, 99, 80, 57, 115, 146, 62, 102, 70, 65, 99, 69, 59, 133, 91, 52, 53, 96, 54, 52, 86, 56, 42, 147, 52, 47, 88, 40, 59, 94, 59, 46, 96, 51, 47, 84, 50, 59, 102, 62, 58, 106, 59, 63, 98, 65, 65, 98, 61, 59, 97, 144, 53, 91, 59, 60, 92, 69, 50, 87, 42, 89, 96, 59, 44, 93, 76, 60, 89, 134, 42, 88, 51, 53, 101, 65, 70, 79, 108, 63, 65, 112, 67, 78, 119, 59, 59, 111, 695, 207, 97, 66, 48, 91, 47, 61, 102, 63, 54, 60, 88, 67, 59, 83, 36, 52, 86, 45, 56, 110, 62, 56, 98, 51, 62, 101, 54, 67, 103, 64, 55, 97, 70, 57, 103, 66, 58, 122, 67, 47, 87, 59, 37, 76, 53, 31, 78, 70, 47, 99, 53, 59, 95, 61, 59, 111, 61, 66, 103, 63, 59, 109, 70, 55, 104, 59, 57, 103, 73, 52, 95, 68, 80, 77, 94, 66, 46, 112, 54, 40, 88, 71, 50, 83, 51, 47, 100, 53, 49, 85, 51, 60, 87, 138, 50, 94, 64, 41, 90, 60, 62, 100, 56, 62, 117, 69, 58, 104, 56, 48, 97, 92, 45, 91, 68, 47, 100, 48, 45, 90, 50, 47, 92, 150, 76, 87, 67, 47, 90, 63, 59, 96, 53, 58, 100, 65, 59, 93, 45, 60, 98, 62, 58, 126, 75, 50, 90, 97, 54, 92, 51, 46, 89, 128, 43, 101, 89, 40, 86, 50, 58, 94, 36, 52, 84, 50, 60, 104, 68, 78, 93, 70, 57, 100, 58, 61, 77, 93, 59, 60, 96, 64, 64, 94, 67, 101, 93, 281, 52, 81, 35, 41, 86, 50, 48, 49, 87, 51, 45, 81, 58, 59, 96, 63, 64, 115, 81, 56, 102, 70, 59, 105, 65, 55, 102, 47, 48, 89, 134, 125, 86, 56, 53, 90, 49, 51, 66, 93, 65, 46, 91, 51, 46, 108, 71, 43, 93, 61, 48, 64, 99, 166, 62, 103, 60, 79, 103, 93, 56, 99, 141, 66, 119, 42, 66, 170, 50, 45, 93, 75, 134, 168, 395, 138, 225, 103, 76, 149, 121, 191, 289, 145, 164, 144, 158, 85, 69, 195, 94, 191, 112, 107, 82, 189, 95, 160, 125, 127, 82, 129, 124, 80, 142, 192, 103, 192, 115, 116, 111, 78, 72, 184, 213, 107, 177, 94, 190, 134, 109, 404, 433, 463, 1095, 309, 313, 619, 385, 132, 135, 238, 104, 53, 92, 47, 88, 172, 106, 83, 67, 97, 49, 82, 102, 71, 50, 102, 133, 77, 99, 253, 53, 85, 179, 58, 83, 185, 119, 43, 50, 45, 95, 40, 73, 44, 44, 51, 46, 51, 48, 62, 41, 46, 59, 35, 114, 49, 32, 49, 53, 58, 80, 50, 61, 62, 57, 61, 55, 50, 50, 49, 62, 66, 43, 49, 41, 47, 49, 119, 45, 53, 57, 55, 46, 48, 47, 49, 50, 45, 88, 49, 47, 47, 48, 68, 64, 66, 37, 52, 57, 86, 56, 55, 60, 59, 65, 66, 61, 62, 107, 50, 67, 67, 57, 130, 55, 124, 50, 59, 58, 56, 45, 47, 49, 61, 56, 79, 59, 48, 45, 46, 54, 59, 58, 56, 59, 60, 57, 57, 59, 80, 67, 78, 60, 62, 67, 60, 51, 53, 67, 63, 64, 62, 51, 55, 127, 52, 54, 189, 59, 46, 53, 45, 49, 71, 50, 96, 51, 44, 62, 44, 65, 62, 70, 58, 56, 66, 63, 66, 54, 51, 52, 42, 56, 66, 74, 57, 102, 62, 48, 67, 49, 62, 88, 55, 47, 45, 73, 51, 51, 69, 50, 55, 57, 48, 54, 48, 45, 72, 54, 60, 66, 71, 62, 63, 47, 90, 54, 65, 70, 58, 59, 59, 75, 59, 60, 85, 56, 58, 46, 51, 197, 59, 68, 45, 45, 56, 52, 53, 67, 46, 43, 49, 46, 60, 62, 57, 79, 60, 67, 77, 82, 53, 70, 65, 69, 66, 72, 65, 66, 63, 163, 95, 48, 60, 61, 71, 113, 46, 49, 56, 46, 50, 61, 51, 41, 31, 32, 36, 50, 59, 56, 56, 58, 58, 76, 50, 52, 42, 46, 49, 62, 58, 87, 61, 64, 56, 53, 45, 51, 51, 71, 42, 38, 51, 48, 105, 45, 50, 133, 51, 47, 51, 54, 44, 31, 32, 48, 52, 59, 60, 61, 55, 60, 59, 56, 60, 81, 68, 63, 67, 104, 141, 45, 50, 61, 61, 48, 52, 50, 62, 53, 45, 125, 49, 45, 49, 49, 56, 53, 99, 53, 50, 49, 48, 66, 51, 73, 62, 60, 98, 52, 48, 46, 55, 52, 48, 58, 68, 55, 44, 58, 51, 70, 51, 52, 52, 48, 54, 152, 55, 63, 56, 92, 61, 45, 105, 45, 51, 46, 48, 43, 60, 60, 67, 71, 60, 58, 61, 65, 120, 181, 75, 286, 348, 113, 186, 266, 82, 96, 95, 227, 99, 391, 127, 94, 108, 48, 114, 94, 79, 55, 84, 82, 75, 66, 75, 58, 95, 103, 165, 106, 75, 73, 78, 111, 240, 81, 100, 78, 81, 103, 84, 102, 84, 103, 73, 185, 157, 151, 101, 107, 91, 171, 137, 202, 105, 146, 184, 126, 240, 191, 120, 130, 284, 402, 315, 865, 326, 174, 295, 100, 90, 242, 146, 118, 174, 104, 92, 65, 68, 80, 65, 62, 57, 54, 50, 59, 48, 50, 160, 68, 41, 46, 61, 52, 51, 55, 55, 54, 55, 42, 42, 48, 47, 265, 96, 53, 298, 211, 61, 52, 60, 50, 51, 53, 61, 139, 53, 46, 168, 45, 32, 45, 40, 49, 50, 49, 49, 42, 47, 65, 41, 45, 39, 64, 49, 41, 50, 52, 48, 43, 57, 61, 73, 67, 67, 53, 161, 60, 94, 46, 60, 41, 104, 60, 74, 49, 47, 50, 48, 49, 51, 42, 53, 145, 62, 58, 52, 61, 51, 52, 49, 55, 51, 57, 54, 60, 58, 72, 61, 57, 103, 69, 58, 62, 58, 69, 61, 50, 51, 56, 100, 52, 61, 42, 42, 85, 48, 51, 62, 47, 47, 46, 38, 54, 61, 112, 49, 49, 50, 48, 47, 53, 51, 51, 46, 58, 52, 53, 50, 68, 67, 70, 59, 59, 66, 62, 62, 58, 127, 70, 68, 62, 69, 58, 56, 47, 50, 48, 55, 53, 64, 43, 52, 48, 60, 57, 49, 55, 65, 54, 50, 51, 48, 63, 63, 59, 52, 53, 60, 58, 69, 79, 64, 56, 57, 66, 113, 61, 53, 50, 49, 48, 52, 58, 49, 47, 49, 62, 54, 53, 47, 74, 43, 50, 59, 51, 47, 55, 43, 53, 45, 50, 58, 66, 82, 62, 69, 58, 50, 59, 57, 58, 49, 46, 111, 174, 43, 51, 94, 54, 49, 49, 48, 48, 47, 52, 44, 57, 56, 47, 49, 69, 51, 50, 50, 78, 61, 58, 61, 59, 56, 82, 82, 63, 57, 61, 78, 67, 63, 103, 118, 59, 67, 62, 66, 43, 42, 48, 50, 61, 50, 49, 52, 45, 50, 58, 67, 59, 53, 53, 71, 59, 38, 43, 46, 60, 65, 61, 69, 71, 72, 77, 62, 60, 56, 71, 70, 57, 47, 202, 80, 50, 44, 53, 80, 39, 30, 48, 50, 56, 48, 48, 50, 52, 60, 51, 41, 41, 42, 48, 94, 67, 91, 68, 60, 58, 62, 73, 65, 53, 51, 43, 61, 69, 58, 61, 71, 146, 49, 60, 58, 50, 47, 59, 51, 56, 49, 49, 51]

Histogram Distribution : 
       Value     Percentile TotalCount 1/(1-Percentile)

      30.000 0.000000000000          1           1.00
      46.000 0.100000000000        141           1.11
      50.000 0.200000000000        312           1.25
      53.000 0.300000000000        428           1.43
      57.000 0.400000000000        537           1.67
      60.000 0.500000000000        666           2.00
      62.000 0.550000000000        743           2.22
      65.000 0.600000000000        795           2.50
      69.000 0.650000000000        868           2.86
      77.000 0.700000000000        932           3.33
      86.000 0.750000000000        998           4.00
      90.000 0.775000000000       1031           4.44
      94.000 0.800000000000       1070           5.00
      97.000 0.825000000000       1095           5.71
     101.000 0.850000000000       1126           6.67
     105.000 0.875000000000       1162           8.00
     109.000 0.887500000000       1176           8.89
     115.000 0.900000000000       1194          10.00
     125.000 0.912500000000       1211          11.43
     133.000 0.925000000000       1225          13.33
     145.000 0.937500000000       1243          16.00
     150.000 0.943750000000       1250          17.78
     163.000 0.950000000000       1258          20.00
     174.000 0.956250000000       1269          22.86
     185.000 0.962500000000       1276          26.67
     191.000 0.968750000000       1283          32.00
     197.000 0.971875000000       1287          35.56
     207.000 0.975000000000       1291          40.00
     238.000 0.978125000000       1296          45.71
     253.000 0.981250000000       1300          53.33
     284.000 0.984375000000       1304          64.00
     289.000 0.985937500000       1306          71.11
     298.000 0.987500000000       1308          80.00
     313.000 0.989062500000       1310          91.43
     326.000 0.990625000000       1312         106.67
     385.000 0.992187500000       1314         128.00
     391.000 0.992968750000       1315         142.22
     395.000 0.993750000000       1316         160.00
     402.000 0.994531250000       1317         182.86
     404.000 0.995312500000       1318         213.33
     433.000 0.996093750000       1319         256.00
     463.000 0.996484375000       1320         284.44
     463.000 0.996875000000       1320         320.00
     619.000 0.997265625000       1321         365.71
     619.000 0.997656250000       1321         426.67
     695.000 0.998046875000       1322         512.00
     695.000 0.998242187500       1322         568.89
     695.000 0.998437500000       1322         640.00
     865.000 0.998632812500       1323         731.43
     865.000 0.998828125000       1323         853.33
     865.000 0.999023437500       1323        1024.00
     865.000 0.999121093750       1323        1137.78
     865.000 0.999218750000       1323        1280.00
    1095.000 0.999316406250       1324        1462.86
    1095.000 1.000000000000       1324
#[Mean    =       77.865, StdDeviation   =       62.629]
#[Max     =     1095.000, Total count    =         1324]
#[Buckets =           20, SubBuckets     =         2048]

50th Percentile : 
60
90th Percentile : 
115
95th Percentile : 
163
99th Percentile : 
315
99.9th Percentile : 
865
99.99th Percentile : 
1095
99.999th Percentile : 
1095
