Recorded latencies [in milli seconds]:
Workload Type : workload_E
Request/ Invocation/ DB Operation Type : DB_deleteCourseById
Recorded completion times :
[110, 67, 40, 30, 46, 49, 71, 40, 56, 42, 43, 58, 42, 44, 48, 43, 47, 70, 30, 54, 32, 56, 35, 37, 34, 43, 55, 37, 35, 34, 33, 86, 43, 44, 32, 39, 50, 45, 44, 43, 49, 47, 44, 48, 95, 46, 48, 47, 41, 42, 41, 46, 34, 43, 35, 41, 47, 30, 29, 54, 122, 32, 54, 57, 31, 34, 47, 30, 34, 48, 31, 39, 33, 45, 30, 50, 34, 52, 47, 32, 49, 46, 38, 31, 46, 32, 33, 44, 40, 34, 49, 55, 36, 45, 35, 42, 56, 41, 62, 133, 49, 46, 52, 51, 43, 55, 45, 42, 80, 48, 48, 47, 49, 47, 37, 49, 35, 92, 39, 32, 37, 30, 36, 35, 47, 35, 34, 36, 34, 33, 36, 48, 50, 51, 46, 48, 48, 50, 46, 58, 51, 47, 43, 46, 47, 133, 40, 41, 48, 47, 37, 56, 36, 32, 37, 82, 39, 47, 31, 36, 59, 44, 32, 127, 38, 39, 45, 49, 49, 50, 47, 57, 47, 47, 49, 50, 51, 63, 58, 47, 45, 49, 679, 189, 42, 42, 32, 34, 34, 40, 38, 46, 32, 33, 35, 49, 53, 38, 30, 39, 31, 37, 41, 54, 47, 44, 41, 43, 45, 45, 40, 54, 41, 45, 47, 47, 54, 45, 45, 47, 44, 63, 52, 33, 30, 34, 30, 28, 49, 27, 27, 54, 32, 39, 38, 44, 38, 43, 46, 46, 45, 51, 40, 51, 44, 50, 55, 43, 46, 45, 42, 41, 58, 45, 39, 50, 51, 61, 33, 50, 34, 54, 42, 34, 34, 57, 30, 32, 39, 34, 36, 46, 37, 30, 40, 52, 36, 127, 41, 39, 56, 39, 39, 49, 45, 40, 43, 44, 59, 45, 46, 47, 42, 31, 41, 78, 30, 31, 51, 34, 39, 36, 33, 33, 39, 34, 40, 136, 65, 34, 50, 37, 35, 53, 48, 43, 39, 44, 47, 53, 51, 47, 41, 49, 46, 49, 49, 66, 60, 41, 35, 84, 31, 38, 37, 31, 30, 114, 33, 44, 80, 37, 37, 35, 45, 38, 30, 39, 30, 38, 45, 42, 51, 73, 44, 56, 45, 43, 46, 47, 43, 45, 49, 46, 38, 51, 51, 35, 45, 89, 35, 264, 36, 30, 30, 32, 30, 38, 38, 38, 34, 36, 35, 30, 48, 41, 41, 47, 50, 58, 68, 44, 42, 57, 45, 50, 53, 41, 45, 33, 36, 34, 127, 117, 33, 41, 36, 37, 36, 37, 39, 35, 53, 34, 33, 35, 32, 52, 55, 33, 38, 48, 29, 32, 43, 159, 43, 41, 50, 65, 42, 77, 43, 43, 126, 48, 46, 30, 57, 112, 46, 40, 29, 55, 127, 113, 386, 125, 166, 84, 63, 89, 107, 173, 248, 83, 153, 139, 106, 67, 56, 133, 78, 177, 55, 96, 71, 123, 84, 147, 68, 112, 68, 78, 114, 67, 85, 177, 90, 135, 102, 96, 56, 60, 54, 127, 202, 80, 121, 81, 176, 79, 99, 397, 380, 446, 1078, 254, 300, 607, 330, 119, 113, 185, 96, 41, 40, 33, 45, 129, 44, 55, 54, 43, 39, 69, 43, 56, 31, 51, 119, 51, 49, 67, 45, 79, 75, 51, 75, 71, 112, 31, 35, 35, 85, 30, 62, 29, 30, 39, 35, 35, 37, 51, 29, 36, 44, 31, 39, 44, 27, 35, 33, 46, 62, 40, 43, 49, 46, 44, 42, 42, 41, 40, 50, 50, 33, 36, 36, 39, 38, 105, 31, 39, 38, 35, 32, 30, 37, 30, 33, 31, 35, 35, 35, 32, 31, 49, 36, 37, 28, 46, 50, 67, 49, 44, 42, 41, 49, 49, 48, 45, 47, 40, 44, 49, 42, 118, 37, 98, 33, 37, 40, 35, 30, 33, 34, 46, 39, 58, 40, 30, 29, 31, 39, 41, 37, 40, 46, 45, 42, 42, 44, 61, 51, 54, 48, 42, 44, 48, 44, 40, 45, 49, 44, 41, 34, 40, 108, 30, 32, 169, 36, 29, 39, 36, 33, 49, 33, 35, 46, 37, 52, 30, 49, 49, 49, 45, 42, 44, 45, 48, 42, 46, 46, 38, 47, 48, 57, 41, 48, 40, 32, 48, 32, 41, 77, 35, 33, 31, 57, 32, 30, 48, 32, 39, 39, 33, 37, 31, 30, 50, 40, 45, 49, 50, 43, 49, 41, 83, 41, 48, 41, 40, 43, 42, 48, 42, 40, 31, 34, 40, 28, 32, 183, 41, 45, 30, 31, 37, 32, 36, 44, 35, 33, 36, 32, 47, 44, 41, 66, 42, 49, 64, 69, 40, 51, 47, 51, 48, 50, 49, 47, 47, 144, 37, 35, 40, 39, 49, 92, 33, 32, 39, 29, 37, 35, 43, 37, 27, 28, 28, 34, 45, 45, 44, 43, 44, 50, 43, 48, 39, 40, 41, 49, 48, 74, 42, 47, 39, 42, 39, 39, 35, 32, 32, 29, 34, 31, 91, 31, 34, 117, 36, 37, 41, 38, 38, 27, 28, 39, 36, 42, 43, 43, 42, 43, 44, 43, 44, 67, 48, 46, 42, 47, 121, 30, 34, 43, 36, 33, 33, 36, 34, 39, 32, 115, 34, 31, 35, 31, 39, 33, 40, 40, 37, 37, 35, 45, 39, 62, 47, 47, 42, 42, 39, 41, 49, 47, 40, 42, 51, 30, 29, 43, 32, 44, 34, 34, 37, 32, 38, 131, 34, 44, 39, 76, 44, 32, 38, 31, 34, 30, 31, 31, 44, 41, 52, 50, 45, 42, 43, 48, 103, 170, 50, 267, 330, 93, 170, 244, 68, 86, 84, 171, 83, 348, 109, 54, 95, 38, 98, 80, 65, 46, 66, 65, 52, 50, 60, 43, 78, 92, 143, 88, 71, 62, 61, 51, 223, 65, 90, 56, 66, 91, 72, 88, 72, 90, 58, 169, 139, 133, 87, 95, 81, 117, 120, 193, 88, 133, 175, 110, 215, 134, 106, 115, 268, 387, 300, 846, 310, 154, 276, 79, 73, 230, 114, 38, 163, 99, 76, 47, 59, 65, 47, 51, 50, 39, 41, 33, 36, 38, 138, 46, 31, 36, 43, 33, 41, 36, 33, 34, 38, 36, 31, 35, 35, 77, 91, 48, 140, 66, 56, 42, 47, 43, 44, 40, 49, 126, 41, 34, 68, 42, 27, 36, 29, 35, 39, 38, 38, 30, 37, 60, 38, 35, 30, 52, 37, 30, 35, 40, 36, 31, 41, 46, 54, 55, 60, 40, 149, 47, 85, 39, 43, 29, 92, 49, 58, 33, 35, 36, 33, 34, 31, 29, 39, 135, 46, 38, 39, 51, 38, 37, 36, 40, 39, 41, 41, 45, 44, 49, 42, 42, 84, 49, 42, 45, 43, 45, 49, 38, 40, 39, 79, 38, 42, 31, 30, 70, 33, 33, 38, 33, 31, 34, 30, 39, 44, 100, 34, 34, 33, 32, 32, 34, 31, 36, 32, 36, 34, 32, 33, 49, 51, 46, 45, 44, 47, 49, 49, 43, 114, 49, 46, 43, 48, 37, 38, 35, 33, 32, 38, 33, 37, 29, 37, 34, 44, 37, 32, 31, 41, 38, 39, 36, 31, 37, 45, 41, 41, 42, 49, 44, 51, 66, 44, 41, 43, 48, 93, 47, 36, 33, 34, 36, 40, 40, 31, 31, 31, 44, 39, 32, 32, 53, 29, 35, 38, 34, 31, 40, 33, 35, 30, 32, 38, 42, 68, 48, 51, 47, 40, 47, 41, 46, 45, 39, 102, 145, 39, 40, 73, 38, 29, 33, 34, 33, 33, 36, 31, 39, 36, 31, 32, 43, 39, 37, 33, 59, 47, 46, 46, 44, 44, 69, 71, 41, 40, 44, 54, 42, 47, 90, 97, 42, 50, 45, 44, 34, 35, 37, 38, 38, 37, 36, 34, 30, 31, 42, 54, 37, 34, 37, 54, 37, 29, 36, 36, 42, 46, 44, 52, 48, 50, 64, 44, 46, 41, 49, 47, 43, 40, 195, 60, 39, 34, 35, 46, 35, 28, 37, 35, 39, 34, 35, 35, 38, 39, 30, 30, 35, 37, 36, 32, 52, 75, 48, 46, 44, 46, 51, 49, 47, 47, 40, 48, 52, 46, 48, 52, 129, 33, 42, 44, 37, 33, 41, 30, 38, 32, 35, 35]

Histogram Distribution : 
       Value     Percentile TotalCount 1/(1-Percentile)

      27.000 0.000000000000          6           1.00
      32.000 0.100000000000        161           1.11
      35.000 0.200000000000        314           1.25
      37.000 0.300000000000        406           1.43
      40.000 0.400000000000        549           1.67
      43.000 0.500000000000        688           2.00
      44.000 0.550000000000        740           2.22
      46.000 0.600000000000        827           2.50
      47.000 0.650000000000        877           2.86
      49.000 0.700000000000        963           3.33
      51.000 0.750000000000       1016           4.00
      52.000 0.775000000000       1029           4.44
      55.000 0.800000000000       1060           5.00
      60.000 0.825000000000       1096           5.71
      67.000 0.850000000000       1127           6.67
      78.000 0.875000000000       1161           8.00
      84.000 0.887500000000       1180           8.89
      90.000 0.900000000000       1195          10.00
      96.000 0.912500000000       1210          11.43
     109.000 0.925000000000       1225          13.33
     118.000 0.937500000000       1242          16.00
     125.000 0.943750000000       1250          17.78
     129.000 0.950000000000       1259          20.00
     135.000 0.956250000000       1268          22.86
     144.000 0.962500000000       1275          26.67
     166.000 0.968750000000       1283          32.00
     170.000 0.971875000000       1287          35.56
     176.000 0.975000000000       1291          40.00
     189.000 0.978125000000       1296          45.71
     215.000 0.981250000000       1300          53.33
     248.000 0.984375000000       1304          64.00
     264.000 0.985937500000       1306          71.11
     268.000 0.987500000000       1308          80.00
     300.000 0.989062500000       1311          91.43
     310.000 0.990625000000       1312         106.67
     330.000 0.992187500000       1314         128.00
     348.000 0.992968750000       1315         142.22
     380.000 0.993750000000       1316         160.00
     386.000 0.994531250000       1317         182.86
     387.000 0.995312500000       1318         213.33
     397.000 0.996093750000       1319         256.00
     446.000 0.996484375000       1320         284.44
     446.000 0.996875000000       1320         320.00
     607.000 0.997265625000       1321         365.71
     607.000 0.997656250000       1321         426.67
     679.000 0.998046875000       1322         512.00
     679.000 0.998242187500       1322         568.89
     679.000 0.998437500000       1322         640.00
     846.000 0.998632812500       1323         731.43
     846.000 0.998828125000       1323         853.33
     846.000 0.999023437500       1323        1024.00
     846.000 0.999121093750       1323        1137.78
     846.000 0.999218750000       1323        1280.00
    1078.000 0.999316406250       1324        1462.86
    1078.000 1.000000000000       1324
#[Mean    =       56.639, StdDeviation   =       59.675]
#[Max     =     1078.000, Total count    =         1324]
#[Buckets =           20, SubBuckets     =         2048]

50th Percentile : 
43
90th Percentile : 
90
95th Percentile : 
129
99th Percentile : 
300
99.9th Percentile : 
846
99.99th Percentile : 
1078
99.999th Percentile : 
1078
