Recorded latencies [in milli seconds] for HTTP requests :
Workload Type : workload_C
HTTP Request Type : retrieve
Recorded HTTP request completion times :
[549, 44, 49, 40, 28, 26, 22, 21, 26, 62, 22, 25, 21, 19, 68, 37, 25, 28, 69, 33, 30, 72, 29, 25, 25, 67, 30, 30, 92, 50, 50, 64, 36, 31, 59, 23, 19, 100, 42, 25, 69, 23, 52, 24, 60, 21, 20, 21, 67, 21, 28, 60, 15, 17, 15, 20, 58, 19, 15, 57, 17, 14, 63, 23, 20, 23, 34, 29, 15, 17, 16, 22, 59, 17, 16, 18, 19, 59, 14, 17, 21, 57, 20, 19, 21, 22, 54, 13, 13, 15, 14, 13, 21, 17, 58, 19, 17, 14, 55, 17, 17, 15, 17, 15, 53, 13, 11, 13, 57, 15, 45, 11, 12, 14, 20, 12, 13, 14, 11, 13, 22, 55, 16, 14, 18, 23, 18, 59, 15, 12, 11, 12, 12, 12, 14, 13, 70, 46, 24, 22, 65, 21, 25, 28, 64, 20, 19, 20, 69, 29, 27, 72, 32, 35, 99, 38, 22, 15, 15, 16, 59, 19, 22, 23, 15, 16, 17, 18, 18, 15, 23, 12, 12, 12, 12, 55, 13, 15, 17, 61, 21, 21, 19, 18, 18, 17, 60, 12, 20, 15, 74, 45, 50, 20, 15, 19, 20, 17, 58, 16, 17, 30, 71, 35, 38, 80, 41, 29, 64, 19, 16, 18, 72, 45, 37, 62, 12, 15, 12, 11, 52, 13, 16, 15, 52, 15, 16, 13, 10, 12, 48, 62, 21, 22, 19, 69, 24, 21, 59, 13, 11, 12, 12, 12, 12, 15, 14, 11, 11, 11, 13, 13, 14, 12, 20, 62, 12, 11, 11, 11, 11, 57, 15, 13, 66, 55, 37, 58, 16, 14, 62, 16, 36, 15, 56, 16, 15, 14, 16, 71, 33, 32, 17, 11, 59, 11, 11, 11, 10, 10, 12, 17, 12, 16, 13, 13, 11, 12, 10, 12, 69, 34, 36, 20, 70, 26, 21, 24, 16, 13, 13, 15, 60, 17, 13, 13, 56, 14, 14, 15, 16, 15, 65, 17, 19, 17, 17, 15, 13, 19, 54, 10, 9, 11, 9, 11, 14, 21, 11, 12, 53, 15, 13, 11, 12, 74, 32, 29, 34, 84, 36, 35, 34, 72, 36, 25, 15, 58, 16, 15, 73, 34, 29, 74, 35, 33, 63, 26, 27, 77, 37, 32, 41, 62, 14, 14, 14, 13, 56, 29, 24, 17, 19, 67, 15, 12, 11, 11, 12, 11, 11, 11, 11, 10, 11, 11, 14, 12, 52, 13, 13, 16, 15, 12, 68, 38, 35, 30, 22, 22, 62, 23, 22, 19, 22, 23, 20, 19, 19, 66, 22, 22, 13, 14, 15, 79, 36, 30, 20, 18, 24, 72, 27, 28, 61, 20, 19, 61, 19, 23, 32, 65, 21, 22, 22, 17, 67, 47, 30, 73, 39, 37, 82, 48, 37, 17, 16, 14, 15, 52, 10, 14, 10, 10, 9, 11, 54, 12, 11, 13, 58, 18, 22, 22, 19, 17, 13, 14, 13, 14, 15, 15, 13, 13, 13, 10, 52, 10, 10, 10, 10, 67, 15, 10, 11, 11, 13, 12, 11, 23]

Histogram Distribution : 
       Value     Percentile TotalCount 1/(1-Percentile)

       9.000 0.000000000000          3           1.00
      11.000 0.100000000000         53           1.11
      13.000 0.200000000000        119           1.25
      15.000 0.300000000000        180           1.43
      17.000 0.400000000000        224           1.67
      19.000 0.500000000000        255           2.00
      21.000 0.550000000000        286           2.22
      22.000 0.600000000000        305           2.50
      25.000 0.650000000000        329           2.86
      30.000 0.700000000000        355           3.33
      36.000 0.750000000000        380           4.00
      38.000 0.775000000000        389           4.44
      47.000 0.800000000000        400           5.00
      53.000 0.825000000000        414           5.71
      57.000 0.850000000000        428           6.67
      59.000 0.875000000000        441           8.00
      60.000 0.887500000000        445           8.89
      62.000 0.900000000000        455          10.00
      63.000 0.912500000000        457          11.43
      65.000 0.925000000000        463          13.33
      67.000 0.937500000000        470          16.00
      68.000 0.943750000000        472          17.78
      69.000 0.950000000000        477          20.00
      70.000 0.956250000000        479          22.86
      72.000 0.962500000000        486          26.67
      72.000 0.968750000000        486          32.00
      72.000 0.971875000000        486          35.56
      73.000 0.975000000000        488          40.00
      74.000 0.978125000000        491          45.71
      74.000 0.981250000000        491          53.33
      79.000 0.984375000000        493          64.00
      79.000 0.985937500000        493          71.11
      80.000 0.987500000000        494          80.00
      82.000 0.989062500000        495          91.43
      84.000 0.990625000000        496         106.67
      92.000 0.992187500000        497         128.00
      92.000 0.992968750000        497         142.22
      92.000 0.993750000000        497         160.00
      99.000 0.994531250000        498         182.86
      99.000 0.995312500000        498         213.33
     100.000 0.996093750000        499         256.00
     100.000 0.996484375000        499         284.44
     100.000 0.996875000000        499         320.00
     100.000 0.997265625000        499         365.71
     100.000 0.997656250000        499         426.67
     549.000 0.998046875000        500         512.00
     549.000 1.000000000000        500
#[Mean    =       28.870, StdDeviation   =       30.438]
#[Max     =      549.000, Total count    =          500]
#[Buckets =           20, SubBuckets     =         2048]

50th Percentile : 
19
90th Percentile : 
62
95th Percentile : 
69
99th Percentile : 
82
99.9th Percentile : 
549
99.99th Percentile : 
549
99.999th Percentile : 
549
