Recorded latencies [in milli seconds] for HTTP requests :
Workload Type : workload_C
Recorded HTTP request completion times :
[582, 15, 11, 12, 13, 22, 12, 14, 12, 10, 17, 13, 19, 16, 59, 23, 13, 58, 13, 15, 10, 9, 12, 12, 9, 52, 9, 9, 9, 10, 10, 12, 10, 13, 14, 12, 10, 8, 9, 9, 12, 8, 52, 10, 10, 8, 9, 10, 9, 16, 12, 53, 14, 15, 17, 14, 14, 14, 14, 56, 19, 17, 21, 27, 20, 63, 32, 21, 21, 22, 60, 10, 9, 7, 8, 12, 14, 8, 8, 8, 8, 8, 7, 10, 51, 13, 9, 8, 8, 8, 7, 17, 15, 9, 8, 16, 12, 12, 8, 6, 8, 9, 11, 11, 7, 8, 8, 9, 6, 10, 7, 8, 8, 10, 11, 10, 8, 9, 10, 8, 8, 12, 9, 8, 24, 9, 8, 12, 54, 9, 9, 7, 7, 7, 7, 8, 7, 7, 7, 7, 7, 9, 10, 9, 51, 15, 19, 18, 58, 14, 23, 20, 56, 23, 15, 15, 13, 15, 14, 17, 17, 66, 22, 24, 19, 22, 63, 21, 23, 65, 23, 21, 26, 58, 11, 11, 15, 12, 11, 12, 10, 9, 10, 10, 9, 14, 12, 11, 10, 10, 10, 12, 10, 9, 51, 8, 8, 8, 61, 20, 19, 26, 24, 20, 72, 22, 18, 16, 19, 20, 21, 16, 21, 62, 12, 9, 7, 6, 13, 11, 49, 7, 6, 6, 6, 5, 7, 6, 7, 7, 12, 11, 7, 7, 7, 7, 7, 53, 8, 10, 7, 8, 7, 10, 7, 7, 7, 8, 6, 11, 11, 9, 8, 8, 9, 14, 10, 12, 7, 8, 9, 9, 6, 7, 6, 10, 7, 9, 13, 49, 8, 7, 7, 7, 7, 10, 9, 10, 14, 13, 50, 9, 9, 19, 9, 9, 8, 11, 12, 52, 11, 8, 8, 8, 8, 8, 8, 8, 7, 57, 27, 31, 24, 11, 8, 7, 8, 7, 48, 10, 7, 7, 51, 18, 21, 24, 61, 23, 17, 28, 58, 6, 6, 6, 6, 7, 7, 29, 8, 10, 6, 7, 6, 7, 7, 6, 6, 6, 6, 48, 7, 7, 8, 7, 6, 7, 6, 7, 7, 10, 9, 9, 56, 19, 22, 20, 19, 17, 19, 59, 15, 16, 60, 15, 15, 18, 26, 16, 16, 15, 20, 22, 20, 57, 9, 10, 11, 12, 7, 8, 10, 10, 59, 10, 9, 10, 61, 9, 11, 8, 8, 8, 7, 7, 9, 9, 10, 10, 14, 8, 8, 53, 9, 12, 10, 8, 8, 8, 8, 8, 8, 8, 9, 11, 12, 14, 48, 8, 6, 7, 6, 12, 11, 9, 7, 8, 8, 7, 7, 54, 7, 7, 6, 7, 7, 48, 10, 9, 9, 8, 7, 7, 7, 8, 7, 6, 8, 19, 51, 7, 7, 6, 8, 7, 11, 10, 11, 8, 7, 9, 13, 7, 6, 8, 7, 47, 6, 6, 5, 6, 6, 5, 6, 5, 6, 6, 9, 8, 8, 7, 6, 7, 6, 7, 6, 6, 6, 6, 6, 6, 7, 10, 7, 56, 11, 9, 12, 12, 11, 12]

Histogram Distribution : 
       Value     Percentile TotalCount 1/(1-Percentile)

       5.000 0.000000000000          4           1.00
       7.000 0.100000000000        125           1.11
       7.000 0.200000000000        125           1.25
       8.000 0.300000000000        196           1.43
       9.000 0.400000000000        246           1.67
      10.000 0.500000000000        289           2.00
      10.000 0.550000000000        289           2.22
      11.000 0.600000000000        312           2.50
      12.000 0.650000000000        341           2.86
      13.000 0.700000000000        352           3.33
      15.000 0.750000000000        380           4.00
      16.000 0.775000000000        388           4.44
      18.000 0.800000000000        400           5.00
      20.000 0.825000000000        419           5.71
      21.000 0.850000000000        427           6.67
      23.000 0.875000000000        440           8.00
      24.000 0.887500000000        445           8.89
      27.000 0.900000000000        450          10.00
      48.000 0.912500000000        459          11.43
      51.000 0.925000000000        467          13.33
      52.000 0.937500000000        470          16.00
      53.000 0.943750000000        473          17.78
      54.000 0.950000000000        475          20.00
      56.000 0.956250000000        479          22.86
      58.000 0.962500000000        485          26.67
      58.000 0.968750000000        485          32.00
      59.000 0.971875000000        488          35.56
      59.000 0.975000000000        488          40.00
      60.000 0.978125000000        490          45.71
      61.000 0.981250000000        493          53.33
      61.000 0.984375000000        493          64.00
      61.000 0.985937500000        493          71.11
      62.000 0.987500000000        494          80.00
      63.000 0.989062500000        496          91.43
      63.000 0.990625000000        496         106.67
      65.000 0.992187500000        497         128.00
      65.000 0.992968750000        497         142.22
      65.000 0.993750000000        497         160.00
      66.000 0.994531250000        498         182.86
      66.000 0.995312500000        498         213.33
      72.000 0.996093750000        499         256.00
      72.000 0.996484375000        499         284.44
      72.000 0.996875000000        499         320.00
      72.000 0.997265625000        499         365.71
      72.000 0.997656250000        499         426.67
     582.000 0.998046875000        500         512.00
     582.000 1.000000000000        500
#[Mean    =       16.092, StdDeviation   =       28.849]
#[Max     =      582.000, Total count    =          500]
#[Buckets =           20, SubBuckets     =         2048]

50th Percentile : 
10
90th Percentile : 
27
95th Percentile : 
54
99th Percentile : 
63
99.9th Percentile : 
582
99.99th Percentile : 
582
99.999th Percentile : 
582
