Recorded latencies [in milli seconds] for HTTP requests :
Workload Type : workload_E
Recorded HTTP request completion times :
[577, 56, 71, 74, 104, 69, 77, 121, 66, 67, 115, 69, 62, 188, 57, 71, 131, 80, 66, 100, 74, 56, 99, 85, 57, 108, 67, 65, 123, 80, 76, 118, 81, 79, 121, 77, 88, 139, 85, 78, 113, 81, 72, 87, 116, 94, 71, 98, 51, 126, 99, 77, 62, 138, 61, 70, 111, 81, 63, 113, 65, 75, 83, 124, 85, 79, 120, 78, 84, 105, 156, 92, 122, 55, 61, 121, 72, 88, 69, 120, 75, 73, 118, 60, 91, 43, 96, 86, 61, 110, 69, 48, 84, 48, 45, 98, 58, 99, 119, 72, 75, 122, 78, 78, 120, 80, 77, 116, 64, 95, 114, 90, 69, 86, 111, 79, 77, 92, 55, 69, 66, 107, 58, 66, 131, 82, 68, 125, 71, 57, 95, 59, 41, 87, 64, 87, 116, 68, 60, 110, 69, 69, 107, 56, 72, 120, 81, 124, 118, 79, 80, 117, 95, 66, 98, 55, 52, 101, 73, 140, 96, 67, 65, 104, 62, 59, 94, 65, 71, 111, 138, 112, 74, 124, 74, 80, 113, 65, 68, 122, 75, 68, 106, 72, 72, 112, 148, 69, 100, 68, 54, 104, 43, 50, 100, 104, 58, 120, 62, 62, 95, 71, 58, 78, 92, 63, 65, 111, 88, 80, 111, 81, 288, 120, 88, 67, 111, 55, 69, 135, 100, 66, 100, 124, 65, 100, 61, 127, 133, 64, 82, 98, 107, 56, 61, 100, 63, 63, 98, 91, 68, 119, 71, 89, 123, 77, 69, 118, 56, 73, 129, 148, 64, 109, 48, 100, 140, 37, 34, 78, 56, 36, 82, 38, 33, 78, 178, 56, 77, 34, 400, 90, 64, 54, 98, 63, 61, 115, 103, 54, 97, 164, 70, 138, 73, 78, 109, 59, 67, 114, 64, 53, 103, 67, 55, 98, 73, 67, 97, 69, 64, 95, 65, 88, 103, 52, 45, 84, 38, 42, 96, 94, 68, 104, 59, 68, 112, 87, 50, 109, 72, 56, 101, 113, 67, 101, 58, 57, 96, 70, 113, 104, 56, 44, 95, 68, 56, 102, 67, 64, 97, 70, 66, 103, 64, 67, 112, 116, 52, 104, 75, 65, 108, 71, 85, 108, 119, 58, 105, 67, 67, 108, 67, 41, 89, 76, 57, 112, 74, 84, 122, 74, 79, 97, 133, 55, 104, 66, 56, 106, 74, 89, 123, 76, 62, 100, 149, 64, 119, 65, 118, 104, 82, 98, 104, 62, 59, 103, 68, 67, 100, 73, 59, 107, 64, 71, 126, 71, 55, 96, 70, 58, 106, 59, 59, 106, 68, 68, 164, 69, 65, 124, 65, 74, 113, 71, 64, 114, 91, 55, 196, 56, 66, 107, 72, 55, 92, 60, 48, 101, 57, 52, 98, 73, 58, 97, 68, 68, 100, 74, 72, 122, 65, 67, 111, 103, 106, 152, 164, 54, 101, 71, 45, 94, 175, 175, 244, 164, 204, 167, 180, 318, 257, 217, 119, 153, 53, 84, 190, 72, 134, 153, 103, 107, 172, 163, 120, 175, 117, 233, 157, 96, 92, 167, 80, 100, 150, 104, 135, 141]

Histogram Distribution : 
       Value     Percentile TotalCount 1/(1-Percentile)

      33.000 0.000000000000          1           1.00
      56.000 0.100000000000         54           1.11
      64.000 0.200000000000        109           1.25
      68.000 0.300000000000        160           1.43
      72.000 0.400000000000        200           1.67
      80.000 0.500000000000        251           2.00
      87.000 0.550000000000        276           2.22
      95.000 0.600000000000        304           2.50
      99.000 0.650000000000        327           2.86
     103.000 0.700000000000        352           3.33
     107.000 0.750000000000        376           4.00
     111.000 0.775000000000        392           4.44
     113.000 0.800000000000        403           5.00
     117.000 0.825000000000        414           5.71
     120.000 0.850000000000        431           6.67
     122.000 0.875000000000        439           8.00
     124.000 0.887500000000        447           8.89
     126.000 0.900000000000        450          10.00
     134.000 0.912500000000        457          11.43
     139.000 0.925000000000        463          13.33
     149.000 0.937500000000        469          16.00
     153.000 0.943750000000        473          17.78
     157.000 0.950000000000        475          20.00
     164.000 0.956250000000        480          22.86
     167.000 0.962500000000        482          26.67
     175.000 0.968750000000        486          32.00
     175.000 0.971875000000        486          35.56
     180.000 0.975000000000        488          40.00
     190.000 0.978125000000        490          45.71
     196.000 0.981250000000        491          53.33
     217.000 0.984375000000        493          64.00
     217.000 0.985937500000        493          71.11
     233.000 0.987500000000        494          80.00
     244.000 0.989062500000        495          91.43
     257.000 0.990625000000        496         106.67
     288.000 0.992187500000        497         128.00
     288.000 0.992968750000        497         142.22
     288.000 0.993750000000        497         160.00
     318.000 0.994531250000        498         182.86
     318.000 0.995312500000        498         213.33
     400.000 0.996093750000        499         256.00
     400.000 0.996484375000        499         284.44
     400.000 0.996875000000        499         320.00
     400.000 0.997265625000        499         365.71
     400.000 0.997656250000        499         426.67
     577.000 0.998046875000        500         512.00
     577.000 1.000000000000        500
#[Mean    =       91.530, StdDeviation   =       43.880]
#[Max     =      577.000, Total count    =          500]
#[Buckets =           20, SubBuckets     =         2048]

50th Percentile : 
80
90th Percentile : 
126
95th Percentile : 
157
99th Percentile : 
244
