Recorded latencies [in milli seconds] for HTTP requests :
Workload Type : workload_A
Recorded HTTP request completion times :
[463, 119, 8, 63, 18, 54, 8, 120, 27, 87, 30, 222, 17, 71, 23, 77, 27, 86, 27, 73, 7, 49, 9, 45, 8, 102, 24, 63, 28, 77, 24, 72, 21, 67, 27, 73, 19, 67, 16, 64, 17, 63, 10, 44, 8, 49, 7, 97, 25, 71, 16, 167, 18, 62, 15, 61, 18, 67, 8, 55, 16, 74, 15, 72, 14, 42, 4, 93, 19, 94, 22, 83, 17, 63, 7, 70, 16, 73, 13, 89, 14, 76, 16, 96, 20, 92, 21, 66, 5, 55, 20, 73, 14, 76, 14, 88, 21, 60, 8, 94, 15, 82, 23, 66, 6, 47, 5, 51, 3, 94, 14, 57, 6, 42, 13, 71, 16, 73, 23, 70, 7, 50, 10, 108, 13, 72, 20, 84, 18, 64, 12, 70, 14, 73, 11, 57, 22, 106, 5, 67, 9, 101, 12, 68, 13, 62, 14, 79, 12, 75, 17, 84, 28, 82, 17, 70, 13, 78, 4, 96, 19, 82, 17, 85, 15, 242, 9, 117, 13, 76, 19, 174, 13, 66, 18, 65, 14, 64, 11, 54, 8, 97, 13, 65, 14, 75, 16, 71, 16, 72, 21, 78, 17, 75, 17, 72, 5, 47, 4, 42, 7, 111, 16, 88, 17, 94, 3, 58, 11, 57, 11, 108, 12, 65, 10, 68, 15, 68, 14, 63, 12, 79, 16, 90, 4, 56, 4, 107, 13, 85, 20, 82, 14, 82, 17, 79, 17, 72, 27, 67, 10, 78, 16, 91, 6, 60, 4, 83, 7, 64, 18, 71, 21, 68, 26, 81, 13, 54, 9, 101, 16, 86, 18, 70, 3, 39, 3, 42, 3, 83, 3, 58, 5, 48, 13, 63, 12, 154, 15, 62, 13, 60, 6, 59, 17, 66, 13, 64, 10, 59, 12, 75, 13, 72, 9, 104, 11, 82, 10, 66, 10, 102, 4, 60, 11, 84, 22, 75, 15, 83, 9, 111, 15, 66, 12, 80, 14, 106, 14, 76, 11, 54, 3, 43, 5, 95, 14, 71, 11, 66, 12, 69, 12, 64, 12, 60, 6, 92, 10, 64, 18, 263, 14, 95, 5, 62, 13, 63, 14, 64, 12, 66, 13, 64, 13, 105, 14, 68, 13, 67, 13, 76, 12, 52, 9, 72, 12, 75, 13, 77, 14, 77, 16, 95, 17, 114, 3, 104, 12, 83, 15, 84, 8, 57, 4, 99, 11, 164, 10, 215, 8, 104, 9, 85, 11, 77, 12, 105, 11, 51, 8, 48, 5, 88, 10, 60, 5, 52, 12, 66, 11, 95, 11, 72, 12, 65, 13, 55, 11, 65, 12, 66, 11, 59, 14, 71, 13, 113, 7, 66, 12, 76, 9, 57, 9, 100, 10, 88, 11, 78, 4, 67, 9, 70, 9, 113, 63, 51, 4, 53, 3, 58, 11, 109, 9, 71, 11, 91, 14, 73, 11, 117, 10, 94, 11, 88, 14, 169, 4, 51, 4, 93, 7, 56, 6, 51, 7, 92, 10, 63, 12, 259, 8, 84, 2, 42, 8, 49, 10, 93, 3, 146, 9, 56, 4, 57, 3, 91, 2, 42, 3, 42, 3, 83, 2, 144, 10, 58, 9, 91, 5, 64, 11, 54, 2, 101, 6, 119, 11, 67, 9, 68, 9, 113, 10, 70, 9, 70, 12, 105, 10, 78, 9, 101, 11, 114, 8, 75, 9, 66, 10, 113, 10, 78, 10, 68, 11, 64, 11, 59, 11, 65, 12, 65, 10, 91, 4, 137, 10, 65, 10, 62, 11, 98, 9, 68, 21, 164, 10, 62, 9, 95, 4, 53, 3, 44, 4, 83, 3, 43, 2, 54, 3, 98, 10, 188, 13, 150, 4, 101, 10, 111, 9, 134, 11, 140, 4, 256, 7, 388, 10, 150, 6, 120, 8, 125, 12, 133, 7, 87, 12, 166, 3, 90, 4, 130, 4, 134, 9, 136, 12, 72, 2, 41, 3, 158, 8, 85, 11, 113, 11, 118, 10, 115, 12, 137, 13, 86, 3, 127, 16, 123, 11, 117, 10, 93, 11, 133, 10, 111, 15, 117, 10, 95, 4, 153, 4, 106, 14, 103, 9, 95, 9, 160, 10, 98, 8, 95, 8, 148, 9, 109, 11, 196, 9, 121, 12, 74, 13, 173, 11, 80, 12, 208, 8, 432, 9, 388, 7, 665, 9, 388, 9, 438, 10, 348, 7, 250, 8, 197, 11, 232, 11, 465, 10, 187, 11, 240, 2, 318, 12, 235, 3, 144, 3, 103, 10, 84, 10, 109, 15, 145, 10, 140, 17, 110, 4, 57, 6, 214, 11, 115, 4, 116, 4, 143, 4, 66, 4, 114, 8, 91, 8, 64, 4, 85, 4, 83, 4, 16, 4, 75, 3, 11, 4, 63, 4, 37, 5, 26, 8, 27, 9, 101, 9, 23, 9, 24, 17, 88, 10, 124, 4, 53, 4, 20, 4, 14, 4, 52, 6, 68, 4, 14, 5, 18, 7, 344, 2, 234, 2, 48, 3, 156, 3, 52, 5, 52, 6, 58, 7, 90, 7, 78, 10, 233, 2, 48, 2, 48, 10, 56, 5, 48, 7, 52, 7, 58, 6, 52, 8, 110, 6, 67, 6, 67, 7, 70, 6, 62, 7, 56, 10, 80, 6, 61, 6, 64, 8, 79, 10, 223, 7, 65, 11, 88, 12, 76, 12, 82, 4, 49, 3, 45, 7, 62, 8, 72, 8, 56, 9, 57, 8, 63, 8, 57, 10, 55, 8, 71, 8, 82, 9, 50, 4, 54, 6, 52, 8, 58, 7, 60, 7, 73, 8, 62, 10, 53, 7, 56, 12, 73, 11, 78, 10, 83, 7, 73, 6, 65, 10, 89, 10, 76, 7, 85, 8, 68, 9, 72, 10, 77, 9, 82, 10, 79, 9, 69, 11, 80, 9, 72, 6, 59, 5, 51, 5, 55, 8, 71, 7, 60, 10, 52, 9, 59, 9, 63, 13, 71, 12, 79, 10, 66, 9, 59, 9, 69, 11, 71, 12, 76, 12, 65, 9, 68, 8, 69, 11, 69, 13, 76, 12, 63, 8, 68, 10, 69, 9, 82, 10, 79, 12, 86, 11, 78, 10, 69, 9, 79, 10, 91, 9, 80, 4, 58, 3, 67, 12, 102, 11, 83, 7, 62, 9, 68, 10, 71, 11, 67]

Histogram Distribution : 
       Value     Percentile TotalCount 1/(1-Percentile)

       2.000 0.000000000000         11           1.00
       6.000 0.100000000000        114           1.11
       9.000 0.200000000000        228           1.25
      11.000 0.300000000000        331           1.43
      14.000 0.400000000000        421           1.67
      27.000 0.500000000000        505           2.00
      52.000 0.550000000000        553           2.22
      59.000 0.600000000000        600           2.50
      65.000 0.650000000000        657           2.86
      69.000 0.700000000000        703           3.33
      74.000 0.750000000000        750           4.00
      78.000 0.775000000000        783           4.44
      82.000 0.800000000000        807           5.00
      85.000 0.825000000000        829           5.71
      91.000 0.850000000000        854           6.67
      96.000 0.875000000000        876           8.00
     101.000 0.887500000000        889           8.89
     105.000 0.900000000000        900          10.00
     111.000 0.912500000000        915          11.43
     115.000 0.925000000000        925          13.33
     124.000 0.937500000000        938          16.00
     134.000 0.943750000000        945          17.78
     140.000 0.950000000000        950          20.00
     150.000 0.956250000000        958          22.86
     160.000 0.962500000000        963          26.67
     173.000 0.968750000000        969          32.00
     188.000 0.971875000000        972          35.56
     208.000 0.975000000000        975          40.00
     223.000 0.978125000000        979          45.71
     234.000 0.981250000000        982          53.33
     242.000 0.984375000000        985          64.00
     250.000 0.985937500000        986          71.11
     259.000 0.987500000000        988          80.00
     318.000 0.989062500000        990          91.43
     344.000 0.990625000000        991         106.67
     388.000 0.992187500000        995         128.00
     388.000 0.992968750000        995         142.22
     388.000 0.993750000000        995         160.00
     388.000 0.994531250000        995         182.86
     432.000 0.995312500000        996         213.33
     438.000 0.996093750000        997         256.00
     438.000 0.996484375000        997         284.44
     438.000 0.996875000000        997         320.00
     463.000 0.997265625000        998         365.71
     463.000 0.997656250000        998         426.67
     465.000 0.998046875000        999         512.00
     465.000 0.998242187500        999         568.89
     465.000 0.998437500000        999         640.00
     465.000 0.998632812500        999         731.43
     465.000 0.998828125000        999         853.33
     665.000 0.999023437500       1000        1024.00
     665.000 1.000000000000       1000
#[Mean    =       51.135, StdDeviation   =       61.191]
#[Max     =      665.000, Total count    =         1000]
#[Buckets =           20, SubBuckets     =         2048]

50th Percentile : 
27
90th Percentile : 
105
95th Percentile : 
140
99th Percentile : 
318
99.9th Percentile : 
465
99.99th Percentile : 
665
99.999th Percentile : 
665
