Recorded latencies [in milli seconds] for HTTP requests :
Workload Type : workload_B
Recorded HTTP request completion times :
[546, 69, 68, 57, 108, 75, 70, 70, 127, 73, 56, 115, 91, 80, 77, 138, 94, 77, 67, 111, 68, 80, 56, 105, 80, 92, 132, 98, 79, 122, 100, 156, 86, 94, 76, 107, 72, 69, 106, 100, 65, 93, 107, 92, 67, 88, 97, 84, 74, 108, 95, 89, 118, 93, 86, 121, 83, 64, 117, 84, 83, 116, 90, 86, 121, 56, 82, 120, 91, 84, 71, 81, 87, 76, 104, 74, 90, 70, 101, 72, 79, 105, 70, 74, 70, 123, 79, 71, 139, 76, 88, 124, 91, 86, 78, 122, 99, 64, 70, 116, 69, 67, 128, 87, 76, 68, 67, 76, 104, 60, 63, 119, 63, 67, 105, 75, 64, 79, 83, 121, 122, 76, 119, 83, 80, 85, 115, 85, 72, 119, 94, 76, 127, 75, 57, 71, 117, 72, 80, 117, 71, 56, 100, 65, 64, 114, 386, 70, 107, 74, 64, 91, 105, 78, 69, 105, 184, 81, 129, 83, 73, 144, 71, 86, 132, 91, 96, 51, 112, 76, 99, 73, 113, 86, 41, 94, 82, 70, 110, 65, 67, 107, 72, 69, 110, 77, 79, 57, 96, 92, 78, 56, 94, 75, 72, 66, 109, 81, 74, 81, 116, 406, 82, 121, 91, 75, 128, 71, 78, 119, 104, 85, 78, 83, 103, 145, 101, 109, 76, 60, 123, 70, 100, 66, 104, 69, 78, 100, 70, 64, 98, 70, 100, 72, 115, 74, 82, 121, 95, 61, 113, 81, 55, 105, 59, 82, 127, 126, 78, 79, 65, 110, 90, 74, 150, 68, 105, 140, 74, 60, 111, 67, 63, 99, 61, 62, 100, 67, 60, 127, 83, 77, 75, 111, 90, 77, 70, 116, 73, 79, 97, 110, 78, 66, 107, 122, 67, 47, 102, 63, 60, 99, 106, 72, 77, 101, 59, 43, 142, 78, 68, 122, 63, 56, 100, 66, 68, 113, 79, 84, 80, 120, 91, 77, 133, 78, 77, 129, 71, 81, 116, 140, 64, 97, 62, 62, 100, 68, 59, 109, 66, 66, 97, 179, 120, 105, 62, 55, 99, 58, 56, 107, 77, 54, 107, 77, 66, 125, 86, 77, 110, 149, 67, 120, 90, 74, 77, 105, 68, 57, 105, 79, 78, 108, 82, 75, 122, 82, 85, 158, 166, 357, 165, 235, 241, 110, 90, 162, 156, 141, 151, 274, 157, 117, 142, 179, 92, 145, 111, 110, 158, 179, 75, 118, 233, 122, 217, 142, 104, 101, 131, 113, 98, 166, 134, 102, 130, 100, 113, 153, 151, 229, 178, 107, 139, 150, 187, 156, 315, 446, 776, 481, 388, 417, 390, 320, 422, 356, 462, 305, 223, 126, 84, 140, 97, 71, 108, 68, 173, 159, 83, 99, 75, 170, 41, 22, 14, 28, 39, 94, 41, 72, 54, 87, 114, 88, 44, 21, 14, 8, 148, 40, 40, 81, 168, 53, 57, 11, 15, 18, 78, 7, 60, 119, 98, 95, 31, 58, 16, 14, 28, 66, 31, 12, 11, 14, 16, 88, 32, 22, 17, 55, 21, 11, 49, 41, 21, 10, 78, 13, 70, 17, 9, 10, 10, 10, 11, 9, 25, 9, 77, 97, 19, 63, 17, 20, 62, 16, 17, 17, 14, 13, 9, 15, 82, 88, 24, 11, 24, 24, 30, 15, 19, 31, 13, 11, 10, 15, 11, 79, 10, 15, 20, 16, 14, 97, 113, 19, 26, 17, 13, 106, 25, 84, 11, 7, 8, 7, 8, 6, 5, 6, 102, 24, 45, 551, 341, 69, 219, 63, 397, 75, 73, 70, 72, 80, 79, 58, 63, 69, 57, 52, 61, 51, 57, 55, 57, 54, 56, 63, 95, 64, 58, 52, 56, 44, 68, 61, 73, 68, 79, 93, 72, 81, 215, 73, 71, 79, 98, 83, 80, 58, 55, 66, 77, 67, 80, 78, 80, 55, 44, 44, 100, 75, 76, 98, 63, 86, 72, 63, 75, 67, 57, 65, 58, 68, 74, 93, 68, 56, 66, 103, 66, 58, 68, 86, 158, 76, 67, 68, 67, 67, 70, 78, 76, 78, 72, 59, 57, 58, 65, 70, 64, 67, 78, 70, 63, 56, 80, 76, 66, 72, 60, 89, 79, 84, 76, 53, 63, 65, 81, 79, 79, 83, 178, 72, 134, 77, 76, 80, 64, 78, 76, 63, 43, 55, 68, 66, 68, 79]

Histogram Distribution : 
       Value     Percentile TotalCount 1/(1-Percentile)

       5.000 0.000000000000          1           1.00
      25.000 0.100000000000         70           1.11
      59.000 0.200000000000        143           1.25
      67.000 0.300000000000        219           1.43
      72.000 0.400000000000        285           1.67
      78.000 0.500000000000        363           2.00
      80.000 0.550000000000        392           2.22
      84.000 0.600000000000        426           2.50
      90.000 0.650000000000        455           2.86
      98.000 0.700000000000        495           3.33
     104.000 0.750000000000        526           4.00
     107.000 0.775000000000        547           4.44
     110.000 0.800000000000        561           5.00
     116.000 0.825000000000        582           5.71
     120.000 0.850000000000        597           6.67
     125.000 0.875000000000        613           8.00
     129.000 0.887500000000        623           8.89
     134.000 0.900000000000        630          10.00
     142.000 0.912500000000        640          11.43
     151.000 0.925000000000        649          13.33
     158.000 0.937500000000        657          16.00
     166.000 0.943750000000        662          17.78
     173.000 0.950000000000        665          20.00
     179.000 0.956250000000        670          22.86
     217.000 0.962500000000        674          26.67
     235.000 0.968750000000        679          32.00
     274.000 0.971875000000        681          35.56
     315.000 0.975000000000        683          40.00
     341.000 0.978125000000        685          45.71
     357.000 0.981250000000        687          53.33
     390.000 0.984375000000        690          64.00
     397.000 0.985937500000        691          71.11
     406.000 0.987500000000        692          80.00
     417.000 0.989062500000        693          91.43
     422.000 0.990625000000        694         106.67
     446.000 0.992187500000        695         128.00
     462.000 0.992968750000        696         142.22
     462.000 0.993750000000        696         160.00
     481.000 0.994531250000        697         182.86
     481.000 0.995312500000        697         213.33
     546.000 0.996093750000        698         256.00
     546.000 0.996484375000        698         284.44
     546.000 0.996875000000        698         320.00
     551.000 0.997265625000        699         365.71
     551.000 0.997656250000        699         426.67
     551.000 0.998046875000        699         512.00
     551.000 0.998242187500        699         568.89
     551.000 0.998437500000        699         640.00
     776.000 0.998632812500        700         731.43
     776.000 1.000000000000        700
#[Mean    =       90.637, StdDeviation   =       69.954]
#[Max     =      776.000, Total count    =          700]
#[Buckets =           20, SubBuckets     =         2048]

50th Percentile : 
78
90th Percentile : 
134
95th Percentile : 
173
99th Percentile : 
417
