Recorded latencies [in sec] for HTTP requests:
       Value     Percentile TotalCount 1/(1-Percentile)

       0.046 0.000000000000          1           1.00
       0.065 0.100000000000         11           1.11
       0.075 0.200000000000         24           1.25
       0.077 0.300000000000         31           1.43
       0.080 0.400000000000         41           1.67
       0.086 0.500000000000         51           2.00
       0.091 0.550000000000         57           2.22
       0.092 0.600000000000         60           2.50
       0.101 0.650000000000         65           2.86
       0.107 0.700000000000         71           3.33
       0.110 0.750000000000         75           4.00
       0.113 0.775000000000         78           4.44
       0.116 0.800000000000         80           5.00
       0.119 0.825000000000         83           5.71
       0.121 0.850000000000         86           6.67
       0.123 0.875000000000         88           8.00
       0.125 0.887500000000         89           8.89
       0.126 0.900000000000         90          10.00
       0.129 0.912500000000         92          11.43
       0.131 0.925000000000         93          13.33
       0.133 0.937500000000         94          16.00
       0.135 0.943750000000         95          17.78
       0.135 0.950000000000         95          20.00
       0.138 0.956250000000         96          22.86
       0.156 0.962500000000         97          26.67
       0.156 0.968750000000         97          32.00
       0.166 0.971875000000         98          35.56
       0.166 0.975000000000         98          40.00
       0.166 0.978125000000         98          45.71
       0.184 0.981250000000         99          53.33
       0.184 0.984375000000         99          64.00
       0.184 0.985937500000         99          71.11
       0.184 0.987500000000         99          80.00
       0.184 0.989062500000         99          91.43
       0.608 0.990625000000        100         106.67
       0.608 1.000000000000        100
#[Mean    =        0.098, StdDeviation   =        0.057]
#[Max     =        0.608, Total count    =          100]
#[Buckets =           20, SubBuckets     =         2048]
