Recorded latencies [in milli seconds] for HTTP requests :
Workload Type : workload_E
Recorded HTTP request completion times :
[525, 54, 62, 197, 453, 72, 64, 55, 121, 71, 76, 114, 76, 94, 115, 79, 78, 129, 95, 78, 170, 78, 63, 65, 123, 92, 88, 75, 138, 84, 59, 107, 69, 67, 114, 79, 42, 85, 38, 50, 104, 83, 81, 95, 61, 75, 118, 76, 70, 126, 86, 73, 110, 80, 69, 106, 150, 77, 127, 65, 65, 120, 59, 78, 119, 55, 67, 110, 73, 68, 105, 80, 57, 108, 56, 67, 102, 75, 68, 97, 74, 68, 117, 73, 66, 90, 122, 89, 87, 78, 135, 75, 78, 112, 80, 72, 107, 106, 81, 75, 138, 71, 58, 121, 79, 63, 69, 102, 76, 51, 92, 72, 67, 110, 163, 71, 113, 85, 71, 96, 79, 92, 65, 107, 96, 77, 165, 87]

Histogram Distribution : 
       Value     Percentile TotalCount 1/(1-Percentile)

      38.000 0.000000000000          1           1.00
      61.000 0.100000000000         13           1.11
      67.000 0.200000000000         26           1.25
      72.000 0.300000000000         40           1.43
      76.000 0.400000000000         53           1.67
      79.000 0.500000000000         65           2.00
      83.000 0.550000000000         71           2.22
      87.000 0.600000000000         77           2.50
      94.000 0.650000000000         84           2.86
     102.000 0.700000000000         91           3.33
     107.000 0.750000000000         98           4.00
     110.000 0.775000000000        102           4.44
     112.000 0.800000000000        103           5.00
     114.000 0.825000000000        106           5.71
     118.000 0.850000000000        109           6.67
     121.000 0.875000000000        113           8.00
     122.000 0.887500000000        114           8.89
     126.000 0.900000000000        116          10.00
     127.000 0.912500000000        117          11.43
     135.000 0.925000000000        119          13.33
     138.000 0.937500000000        121          16.00
     138.000 0.943750000000        121          17.78
     150.000 0.950000000000        122          20.00
     163.000 0.956250000000        123          22.86
     165.000 0.962500000000        124          26.67
     165.000 0.968750000000        124          32.00
     170.000 0.971875000000        125          35.56
     170.000 0.975000000000        125          40.00
     197.000 0.978125000000        126          45.71
     197.000 0.981250000000        126          53.33
     197.000 0.984375000000        126          64.00
     453.000 0.985937500000        127          71.11
     453.000 0.987500000000        127          80.00
     453.000 0.989062500000        127          91.43
     453.000 0.990625000000        127         106.67
     453.000 0.992187500000        127         128.00
     525.000 0.992968750000        128         142.22
     525.000 1.000000000000        128
#[Mean    =       94.344, StdDeviation   =       56.779]
#[Max     =      525.000, Total count    =          128]
#[Buckets =           20, SubBuckets     =         2048]

50th Percentile : 
79
90th Percentile : 
126
95th Percentile : 
150
99th Percentile : 
453
