Recorded latencies [in milli seconds] for HTTP requests :
Workload Type : workload_B
Recorded HTTP request completion times :
[543, 86, 80, 96, 121, 136, 78, 69, 88, 70, 74, 67, 108, 89, 72, 162, 64, 110, 84, 73, 45, 96, 93, 67, 108, 74, 74, 76, 122, 93, 183, 78, 71, 92, 123, 113, 95, 75, 93, 91, 82, 178, 95, 90, 108, 63, 41, 94, 77, 62, 108, 82, 70, 103, 92, 74, 84, 111, 92, 96, 78, 98, 73, 69, 115, 102, 77, 131, 81, 77, 89, 111, 101, 117, 80, 119, 181, 76, 70, 109, 70, 42, 96, 77, 64, 63, 70, 101, 72, 77, 67, 108, 78, 72, 81, 71, 68, 90, 139, 58, 115, 86, 77, 124, 77, 75, 79, 118, 69, 90, 120, 86, 95, 94, 119, 116, 142, 452, 119, 83, 68, 76, 105, 57, 57, 111, 202, 87, 48, 95, 69, 69, 111, 65, 66, 151, 61, 68, 101, 153, 76, 112, 126, 73, 78, 112, 100, 79, 108, 92, 81, 117, 71, 54, 106, 78, 70, 122, 56, 67, 111, 76, 78, 99, 60, 52, 98, 83, 63, 105, 122, 60, 100, 85, 77, 144, 78, 69, 105, 82, 69, 110, 86, 70, 119, 90, 77, 108, 151, 79, 84, 76, 112, 79, 61, 95, 68, 69, 108, 79, 51, 108, 126, 58, 94, 105, 76, 63, 105, 97, 72, 77, 105, 72, 81, 113, 59, 92, 78, 131, 78, 78, 114, 78, 78, 121, 78, 113, 127, 83, 78, 119, 70, 63, 101, 76, 71, 106, 89, 67, 136, 62, 57, 99, 96, 64, 111, 76, 79, 118, 99, 73, 97, 63, 121, 80, 138, 87, 79, 119, 70, 74, 112, 80, 77, 122, 71, 44, 103, 58, 68, 129, 76, 91, 103, 81, 54, 97, 63, 63, 97, 69, 58, 119, 68, 56, 99, 136, 67, 159, 65, 61, 99, 160, 66, 111, 74, 65, 118, 88, 81, 111, 77, 78, 121, 69, 68, 109, 65, 57, 102, 79, 51, 100, 69, 129, 79, 60, 77, 118, 83, 64, 58, 106, 72, 75, 106, 72, 80, 124, 85, 67, 108, 70, 65, 121, 74, 67, 117, 67, 65, 101, 82, 66, 108, 68, 66, 108, 73, 65, 77, 113, 75, 70, 106, 79, 67, 116, 72, 66, 97, 66, 71, 125, 89, 74, 92, 114, 74, 125, 105, 86, 80, 96, 62, 80, 110, 69, 79, 105, 72, 74, 87, 102, 80, 44, 97, 79, 54, 99, 74, 63, 110, 78, 69, 111, 88, 67, 117, 81, 78, 110, 68, 59, 104, 93, 79, 139, 87, 81, 115, 80, 66, 95, 138, 55, 103, 70, 62, 114, 77, 93, 52, 89, 56, 34, 93, 85, 70, 200, 111, 108, 194, 151, 103, 155, 176, 144, 114, 175, 151, 239, 109, 126, 75, 46, 89, 217, 102, 128, 92, 222, 630, 113, 112, 163, 147, 77, 151, 124, 370, 152, 116, 96, 122, 118, 118, 148, 198, 90, 146, 160, 115, 155, 125, 96, 283, 109, 85, 153, 99, 122, 213, 99, 426, 276, 680, 644, 1290, 978, 276, 229, 97, 149, 80, 119, 157, 136, 398, 207]

Histogram Distribution : 
       Value     Percentile TotalCount 1/(1-Percentile)

      34.000 0.000000000000          1           1.00
      64.000 0.100000000000         53           1.11
      69.000 0.200000000000        100           1.25
      76.000 0.300000000000        159           1.43
      79.000 0.400000000000        206           1.67
      88.000 0.500000000000        251           2.00
      93.000 0.550000000000        277           2.22
      97.000 0.600000000000        301           2.50
     103.000 0.650000000000        328           2.86
     108.000 0.700000000000        355           3.33
     112.000 0.750000000000        379           4.00
     114.000 0.775000000000        388           4.44
     118.000 0.800000000000        405           5.00
     119.000 0.825000000000        413           5.71
     122.000 0.850000000000        425           6.67
     129.000 0.875000000000        439           8.00
     136.000 0.887500000000        445           8.89
     142.000 0.900000000000        450          10.00
     151.000 0.912500000000        461          11.43
     153.000 0.925000000000        464          13.33
     160.000 0.937500000000        470          16.00
     163.000 0.943750000000        472          17.78
     178.000 0.950000000000        475          20.00
     198.000 0.956250000000        479          22.86
     207.000 0.962500000000        482          26.67
     222.000 0.968750000000        485          32.00
     229.000 0.971875000000        486          35.56
     276.000 0.975000000000        489          40.00
     283.000 0.978125000000        490          45.71
     370.000 0.981250000000        491          53.33
     426.000 0.984375000000        493          64.00
     426.000 0.985937500000        493          71.11
     452.000 0.987500000000        494          80.00
     543.000 0.989062500000        495          91.43
     630.000 0.990625000000        496         106.67
     644.000 0.992187500000        497         128.00
     644.000 0.992968750000        497         142.22
     644.000 0.993750000000        497         160.00
     680.000 0.994531250000        498         182.86
     680.000 0.995312500000        498         213.33
     978.000 0.996093750000        499         256.00
     978.000 0.996484375000        499         284.44
     978.000 0.996875000000        499         320.00
     978.000 0.997265625000        499         365.71
     978.000 0.997656250000        499         426.67
    1290.000 0.998046875000        500         512.00
    1290.000 1.000000000000        500
#[Mean    =      106.174, StdDeviation   =       92.336]
#[Max     =     1290.000, Total count    =          500]
#[Buckets =           20, SubBuckets     =         2048]

50th Percentile : 
88
90th Percentile : 
142
95th Percentile : 
178
99th Percentile : 
543
