Recorded latencies [in milli seconds] for HTTP requests :
Workload Type : workload_E
Recorded HTTP request completion times :
[481, 56, 54, 69, 125, 62, 55, 100, 67, 70, 75, 106, 84, 229, 58, 133, 67, 101, 70, 108, 81, 95, 83, 128, 91, 76, 87, 79, 105, 63, 56, 114, 82, 68, 82, 92, 69, 114, 129, 74, 76, 81, 78, 66, 120, 79, 84, 77, 120, 135, 84, 91, 75, 105, 82, 80, 110, 158, 73, 124, 94, 85, 70, 85, 58, 53, 112, 69, 65, 77, 109, 73, 73, 70, 77, 352, 191, 65, 267, 91, 73, 105, 106, 73, 119, 82, 57, 105, 70, 80, 121, 79, 88, 131, 85, 83, 81, 122, 65, 76, 101, 58, 90, 122, 101, 65, 115, 152, 69, 101, 53, 106, 91, 40, 51, 99, 93, 66, 118, 82, 78, 129, 100, 127, 81, 223, 108, 158, 112, 116, 103, 101, 107, 76, 62, 103, 76, 72, 108, 77, 65, 112, 89, 77, 164, 94, 77, 166, 73, 74, 118, 80, 77, 141, 84, 77, 129, 75, 82, 129, 99, 74, 82, 186, 106, 83, 53, 62, 102, 68, 70, 52, 92, 72, 63, 111, 78, 71, 114, 89, 75, 126, 126, 79, 72, 118, 78, 82, 86, 97, 78, 71, 109, 88, 90, 111, 79, 76, 97, 70, 58, 107, 65, 75, 98, 165, 66, 112, 66, 79, 111, 68, 67, 111, 71, 61, 110, 114, 91, 123, 66, 54, 106, 68, 69, 108, 73, 67, 103, 70, 69, 129, 182, 57, 101, 77, 56, 110, 139, 73, 96, 60, 65, 106, 58, 56, 100, 71, 75, 80, 109, 68, 71, 172, 96, 74, 106, 61, 69, 118, 72, 77, 117, 70, 78, 111, 109, 55, 111, 60, 71, 65, 91, 66, 72, 59, 97, 74, 71, 67, 106, 66, 51, 117, 72, 56, 96, 71, 57, 122, 136, 77, 141, 80, 78, 110, 77, 70, 100, 107, 71, 110, 79, 77, 149, 86, 57, 53, 102, 66, 59, 103, 160, 53, 102, 69, 71, 106, 66, 69, 88, 35, 64, 150, 58, 63, 122, 66, 64, 147, 99, 83, 74, 110, 90, 76, 90, 80, 64, 96, 53, 66, 113, 63, 60, 87, 109, 70, 63, 101, 73, 63, 99, 72, 64, 105, 70, 77, 101, 58, 118, 112, 64, 66, 146, 77, 78, 103, 92, 57, 95, 80, 53, 93, 50, 51, 98, 72, 66, 111, 64, 66, 93, 50, 54, 102, 59, 89, 114, 63, 66, 106, 62, 90, 125, 130, 82, 112, 72, 65, 113, 88, 66, 107, 84, 68, 99, 74, 79, 54, 88, 51, 64, 115, 54, 134, 149, 141, 181, 578, 284, 198, 187, 121, 116, 273, 99, 146, 237, 104, 99, 155, 217, 98, 132, 95, 123, 153, 131, 84, 130, 269, 166, 180, 150, 113, 103, 137, 245, 105, 137, 124, 91, 330, 103, 127, 349, 127, 129, 188, 134, 144, 167, 368, 154, 490, 538, 1125, 776, 881, 764, 914, 251, 143, 123, 189, 134, 111, 124, 119, 326, 255, 321, 262, 276, 195, 183, 95, 264, 170, 332, 126, 20, 5, 5, 237, 264, 146, 30, 17, 245, 29, 90, 8, 7, 123, 305, 188, 24, 199, 146, 68, 12, 132, 30, 15, 11, 12, 14, 31, 15, 315, 7, 6, 5, 183, 7, 6, 147, 6, 7, 5, 6, 201, 23, 166, 27, 10, 175, 46, 110, 202, 14, 169, 12, 6, 10, 8, 12, 5, 6, 6, 6, 5, 21, 103, 16, 11, 19, 10, 6, 8, 113, 17, 21, 36, 36, 19, 6, 146, 11, 272, 37, 476, 38, 25, 13, 11, 12, 874, 107, 27, 22, 644, 796, 48, 35, 13, 7, 6, 10, 434, 36, 713, 27, 17, 10, 5, 6, 4, 5, 6, 4, 5, 8, 5, 6, 10, 6, 5, 6, 6, 290, 34, 176, 30, 11, 8, 11, 164, 58, 59, 21, 39, 8, 19, 9, 42, 22, 13, 8, 37, 159, 65, 14, 255, 25, 18, 18, 8, 10, 13, 9, 8, 145, 28, 19, 15, 20, 12, 19, 11, 7, 9, 14, 19, 229, 313, 465, 744, 250, 145, 316, 192, 189, 566, 326, 178, 604, 184, 685, 141, 423, 384, 110, 282]

Histogram Distribution : 
       Value     Percentile TotalCount 1/(1-Percentile)

       4.000 0.000000000000          2           1.00
      12.000 0.100000000000         68           1.11
      53.000 0.200000000000        139           1.25
      66.000 0.300000000000        217           1.43
      73.000 0.400000000000        278           1.67
      81.000 0.500000000000        340           2.00
      89.000 0.550000000000        374           2.22
      97.000 0.600000000000        406           2.50
     103.000 0.650000000000        440           2.86
     110.000 0.700000000000        479           3.33
     117.000 0.750000000000        508           4.00
     123.000 0.775000000000        527           4.44
     129.000 0.800000000000        545           5.00
     137.000 0.825000000000        559           5.71
     147.000 0.850000000000        575           6.67
     166.000 0.875000000000        593           8.00
     178.000 0.887500000000        600           8.89
     188.000 0.900000000000        610          10.00
     199.000 0.912500000000        617          11.43
     245.000 0.925000000000        627          13.33
     264.000 0.937500000000        634          16.00
     273.000 0.943750000000        638          17.78
     305.000 0.950000000000        643          20.00
     321.000 0.956250000000        647          22.86
     332.000 0.962500000000        651          26.67
     384.000 0.968750000000        655          32.00
     434.000 0.971875000000        657          35.56
     481.000 0.975000000000        660          40.00
     538.000 0.978125000000        662          45.71
     578.000 0.981250000000        664          53.33
     644.000 0.984375000000        666          64.00
     685.000 0.985937500000        667          71.11
     713.000 0.987500000000        668          80.00
     744.000 0.989062500000        669          91.43
     764.000 0.990625000000        670         106.67
     776.000 0.992187500000        671         128.00
     796.000 0.992968750000        672         142.22
     796.000 0.993750000000        672         160.00
     874.000 0.994531250000        673         182.86
     874.000 0.995312500000        673         213.33
     881.000 0.996093750000        674         256.00
     881.000 0.996484375000        674         284.44
     881.000 0.996875000000        674         320.00
     914.000 0.997265625000        675         365.71
     914.000 0.997656250000        675         426.67
     914.000 0.998046875000        675         512.00
     914.000 0.998242187500        675         568.89
     914.000 0.998437500000        675         640.00
    1125.000 0.998632812500        676         731.43
    1125.000 1.000000000000        676
#[Mean    =      109.251, StdDeviation   =      122.315]
#[Max     =     1125.000, Total count    =          676]
#[Buckets =           20, SubBuckets     =         2048]

50th Percentile : 
81
90th Percentile : 
188
95th Percentile : 
305
99th Percentile : 
764
