Recorded latencies [in milli seconds] for HTTP requests :
Workload Type : workload_B
Recorded HTTP request completion times :
[566, 62, 95, 287, 122, 91, 68, 105, 107, 65, 72, 90, 78, 124, 87, 74, 74, 107, 69, 70, 98, 98, 67, 65, 69, 96, 71, 63, 110, 77, 70, 107, 79, 73, 72, 123, 104, 81, 216, 104, 116, 84, 84, 101, 75, 128, 84, 56, 58, 116, 94, 54, 45, 100, 75, 65, 113, 93, 57, 55, 106, 82, 74, 64, 59, 93, 71, 65, 108, 72, 66, 131, 79, 67, 112, 74, 69, 113, 77, 78, 120, 78, 84, 113, 84, 80, 89, 118, 99, 70, 70, 72, 47, 100, 213, 66, 99, 70, 100, 78, 74, 69, 111, 87, 66, 122, 90, 84, 78, 121, 81, 88, 124, 90, 54, 96, 132, 251, 240, 68, 100, 71, 42, 86, 54, 55, 106, 74, 57, 66, 112, 69, 64, 64, 121, 65, 65, 84, 197, 74, 157, 88, 80, 113, 89, 72, 58, 136, 82, 76, 114, 149, 65, 108, 79, 62, 108, 77, 58, 87, 53, 99, 67, 65, 70, 84, 200, 72, 108, 84, 74, 52, 89, 198, 69, 108, 91, 79, 76, 123, 76, 135, 122, 78, 76, 120, 92, 78, 91, 123, 62, 68, 96, 131, 81, 75, 75, 73, 103, 89, 82, 101, 74, 105, 141, 64, 125, 76, 78, 67, 74, 90, 80, 92, 111, 76, 76, 121, 89, 80, 118, 93, 68, 105, 86, 82, 279, 93, 76, 119, 82, 86, 71, 85, 210, 70, 106, 62, 55, 109, 68, 72, 105, 68, 77, 69, 98, 154, 68, 116, 73, 78, 93, 125, 196, 88, 102, 107, 73, 127, 80, 78, 120, 80, 76, 122, 100, 75, 98, 62, 62, 103, 68, 64, 109, 73, 63, 98, 68, 60, 105, 178, 68, 117, 72, 82, 204, 83, 67, 119, 147, 70, 157, 93, 68, 107, 83, 68, 121, 106, 81, 112, 81, 64, 107, 68, 89, 96, 73, 63, 101, 71, 45, 105, 80, 67, 98, 84, 76, 140, 85, 60, 124, 79, 75, 110, 90, 81, 74, 101, 81, 75, 109, 133, 113, 104, 114, 78, 70, 113, 84, 67, 50, 85, 56, 58, 114, 70, 51, 96, 72, 63, 98, 79, 72, 117, 83, 80, 116, 77, 67, 107, 151, 77, 129, 83, 76, 103, 76, 76, 108, 80, 113, 124, 64, 57, 126, 61, 57, 105, 76, 63, 72, 90, 161, 65, 108, 71, 57, 116, 66, 61, 58, 120, 211, 70, 119, 85, 82, 64, 98, 96, 285, 370, 209, 114, 89, 192, 136, 145, 191, 229, 149, 164, 136, 122, 170, 113, 224, 120, 105, 141, 83, 183, 80, 210, 129, 137, 147, 512, 243, 77, 130, 106, 130, 223, 183, 331, 204, 168, 203, 193, 208, 149, 271, 168, 139, 153, 100, 254, 349, 528, 305, 411, 468, 340, 229, 501, 375, 201, 198, 149, 311, 83, 66, 121, 94, 67, 87, 103, 65, 83, 104, 117, 63, 18, 33, 14, 13, 11, 70, 16, 15, 28, 11, 61, 19, 18, 19, 19, 13, 67, 21, 11, 66, 67, 18, 10, 10, 20, 10, 28, 20, 11, 72, 415, 183, 58, 48, 77, 58, 65, 40, 44, 49, 100, 75, 99, 214, 679, 68, 52, 65, 73, 66, 84, 64, 64, 61, 61, 56, 56, 54, 58, 55, 59, 91, 75, 54, 57, 121, 73, 43, 50, 97, 72, 70, 74, 293, 57, 70, 72, 80, 78, 76, 127, 135, 79, 67, 66, 66, 73, 79, 116, 60, 66, 71, 64, 76, 70, 62, 95, 56, 63, 48, 78, 63, 69, 73, 90, 69, 75, 83, 75, 77, 88, 77, 91, 76, 82, 72, 89, 81, 81, 66, 64, 78, 78, 67, 75, 48, 46, 100, 76, 56, 71, 86, 76, 69, 65, 66, 93, 160, 57, 58, 88, 64, 76, 61, 89, 77, 79, 81, 87, 88, 95, 103, 68, 56, 59, 53, 65, 79, 90, 117, 70, 72, 65, 44, 46, 50, 56, 57, 54, 63, 88, 78, 49, 68, 88, 48, 86, 96, 83, 77, 46, 91, 63, 65, 62, 71, 86, 85, 76, 66, 86, 96, 75, 72, 96, 91, 79, 65, 68, 45, 44, 33, 46, 51, 70, 70, 97, 67, 65, 70, 72, 59, 73, 70, 67, 67, 79, 77, 77, 79, 88, 84, 83, 79, 94]

Histogram Distribution : 
       Value     Percentile TotalCount 1/(1-Percentile)

      10.000 0.000000000000          3           1.00
      56.000 0.100000000000         72           1.11
      65.000 0.200000000000        152           1.25
      70.000 0.300000000000        229           1.43
      75.000 0.400000000000        292           1.67
      79.000 0.500000000000        357           2.00
      82.000 0.550000000000        386           2.22
      86.000 0.600000000000        421           2.50
      91.000 0.650000000000        459           2.86
      98.000 0.700000000000        493           3.33
     105.000 0.750000000000        527           4.00
     108.000 0.775000000000        546           4.44
     113.000 0.800000000000        564           5.00
     117.000 0.825000000000        578           5.71
     122.000 0.850000000000        599           6.67
     129.000 0.875000000000        614           8.00
     135.000 0.887500000000        622           8.89
     141.000 0.900000000000        630          10.00
     153.000 0.912500000000        639          11.43
     170.000 0.925000000000        648          13.33
     197.000 0.937500000000        657          16.00
     201.000 0.943750000000        661          17.78
     208.000 0.950000000000        665          20.00
     213.000 0.956250000000        670          22.86
     224.000 0.962500000000        674          26.67
     251.000 0.968750000000        679          32.00
     271.000 0.971875000000        681          35.56
     285.000 0.975000000000        683          40.00
     293.000 0.978125000000        685          45.71
     311.000 0.981250000000        687          53.33
     349.000 0.984375000000        690          64.00
     370.000 0.985937500000        691          71.11
     375.000 0.987500000000        692          80.00
     411.000 0.989062500000        693          91.43
     415.000 0.990625000000        694         106.67
     468.000 0.992187500000        695         128.00
     501.000 0.992968750000        696         142.22
     501.000 0.993750000000        696         160.00
     512.000 0.994531250000        697         182.86
     512.000 0.995312500000        697         213.33
     528.000 0.996093750000        698         256.00
     528.000 0.996484375000        698         284.44
     528.000 0.996875000000        698         320.00
     566.000 0.997265625000        699         365.71
     566.000 0.997656250000        699         426.67
     566.000 0.998046875000        699         512.00
     566.000 0.998242187500        699         568.89
     566.000 0.998437500000        699         640.00
     679.000 0.998632812500        700         731.43
     679.000 1.000000000000        700
#[Mean    =       96.597, StdDeviation   =       65.980]
#[Max     =      679.000, Total count    =          700]
#[Buckets =           20, SubBuckets     =         2048]

50th Percentile : 
79
90th Percentile : 
141
95th Percentile : 
208
99th Percentile : 
411
