Recorded latencies [in milli seconds] for HTTP requests :
Workload Type : workload_E
HTTP Request Type : delete
Recorded HTTP request completion times :
[635, 83, 69, 86, 108, 92, 81, 129, 67, 78, 129, 95, 133, 68, 108, 126, 88, 191, 100, 66, 47, 142, 104, 56, 61, 51, 109, 78, 43, 94, 85, 71, 117, 78, 69, 103, 82, 68, 107]

Histogram Distribution : 
       Value     Percentile TotalCount 1/(1-Percentile)

      43.000 0.000000000000          1           1.00
      56.000 0.100000000000          4           1.11
      68.000 0.200000000000          9           1.25
      71.000 0.300000000000         12           1.43
      81.000 0.400000000000         16           1.67
      86.000 0.500000000000         20           2.00
      92.000 0.550000000000         22           2.22
      95.000 0.600000000000         24           2.50
     103.000 0.650000000000         26           2.86
     107.000 0.700000000000         28           3.33
     108.000 0.750000000000         30           4.00
     109.000 0.775000000000         31           4.44
     117.000 0.800000000000         32           5.00
     126.000 0.825000000000         33           5.71
     129.000 0.850000000000         35           6.67
     129.000 0.875000000000         35           8.00
     129.000 0.887500000000         35           8.89
     133.000 0.900000000000         36          10.00
     133.000 0.912500000000         36          11.43
     142.000 0.925000000000         37          13.33
     142.000 0.937500000000         37          16.00
     142.000 0.943750000000         37          17.78
     191.000 0.950000000000         38          20.00
     191.000 0.956250000000         38          22.86
     191.000 0.962500000000         38          26.67
     191.000 0.968750000000         38          32.00
     191.000 0.971875000000         38          35.56
     635.000 0.975000000000         39          40.00
     635.000 1.000000000000         39
#[Mean    =      105.051, StdDeviation   =       90.778]
#[Max     =      635.000, Total count    =           39]
#[Buckets =           20, SubBuckets     =         2048]

50th Percentile : 
86
90th Percentile : 
133
95th Percentile : 
191
99th Percentile : 
635
99.9th Percentile : 
635
99.99th Percentile : 
635
99.999th Percentile : 
635
