Recorded latencies [in milli seconds] for HTTP requests :
Workload Type : workload_A
Recorded HTTP request completion times :
[440, 145, 9, 59, 9, 87, 16, 80, 7, 107, 14, 301, 22, 57, 7, 65, 24, 94, 23, 209, 18, 93, 25, 82, 11, 94, 13, 57, 13, 57, 21, 71, 19, 93, 28, 79, 12, 142, 27, 102, 22, 82, 25, 88, 20, 91, 17, 93, 22, 66, 4, 49, 5, 62, 5, 103, 30, 87, 8, 66, 21, 68, 19, 91, 19, 61, 14, 93, 9, 57, 10, 107, 25, 98, 20, 79, 18, 83, 19, 79, 20, 77, 18, 75, 23, 78, 30, 67, 6, 57, 20, 80, 15, 75, 20, 113, 19, 69, 19, 133, 23, 82, 22, 86, 19, 81, 24, 239, 17, 76, 17, 73, 15, 53, 7, 48, 6, 112, 15, 79, 14, 72, 8, 71, 16, 76, 21, 82, 13, 65, 10, 122, 17, 77, 14, 76, 17, 71, 18, 60, 16, 74, 14, 68, 8, 57, 22, 79, 24, 69, 15, 56, 5, 42, 5, 91, 21, 84, 6, 46, 5, 40, 4, 148, 16, 75, 13, 68, 19, 70, 23, 67, 5, 60, 14, 72, 15, 75, 13, 68, 18, 48, 6, 54, 14, 69, 14, 76, 13, 66, 18, 84, 16, 76, 15, 77, 19, 81, 18, 79, 11, 96, 5, 159, 13, 74, 12, 78, 17, 83, 14, 63, 14, 65, 17, 64, 7, 52, 12, 449, 12, 73, 12, 64, 11, 95, 13, 97, 13, 62, 14, 66, 12, 67, 13, 76, 20, 74, 9, 59, 9, 52, 7, 129, 14, 78, 16, 71, 13, 71, 9, 53, 17, 74, 14, 92, 14, 79, 15, 58, 16, 67, 5, 51, 3, 103, 16, 74, 14, 75, 13, 185, 13, 87, 16, 87, 23, 78, 10, 74, 13, 96, 16, 44, 3, 51, 14, 67, 14, 72, 11, 109, 14, 64, 11, 79, 12, 66, 16, 82, 16, 80, 8, 54, 18, 82, 14, 86, 12, 66, 14, 61, 12, 66, 13, 69, 34, 66, 7, 92, 9, 72, 8, 44, 7, 93, 9, 63, 11, 58, 16, 101, 7, 94, 11, 68, 13, 65, 10, 109, 16, 80, 18, 72, 4, 59, 11, 67, 16, 75, 18, 92, 13, 73, 12, 79, 13, 76, 14, 73, 11, 86, 8, 104, 13, 75, 13, 78, 12, 58, 12, 63, 15, 77, 4, 103, 10, 100, 4, 46, 5, 51, 6, 87, 4, 48, 3, 47, 10, 105, 9, 65, 13, 67, 16, 71, 10, 59, 12, 104, 10, 72, 13, 76, 13, 66, 13, 61, 10, 104, 4, 62, 12, 69, 12, 84, 12, 109, 10, 157, 5, 73, 10, 115, 7, 67, 13, 89, 4, 53, 7, 104, 10, 69, 7, 65, 9, 112, 12, 98, 10, 70, 9, 115, 13, 76, 11, 67, 20, 59, 4, 42, 4, 50, 10, 151, 8, 81, 9, 61, 9, 101, 10, 68, 10, 57, 8, 149, 7, 62, 4, 43, 6, 99, 7, 146, 9, 60, 11, 66, 11, 98, 12, 88, 8, 70, 7, 54, 4, 93, 2, 60, 9, 71, 9, 111, 8, 84, 10, 69, 9, 69, 9, 101, 8, 112, 9, 70, 11, 77, 12, 76, 4, 57, 2, 105, 14, 65, 10, 58, 10, 55, 12, 67, 10, 94, 9, 64, 9, 59, 11, 152, 8, 59, 9, 51, 10, 97, 11, 60, 13, 69, 11, 62, 12, 55, 11, 100, 12, 66, 9, 56, 8, 108, 18, 157, 10, 68, 11, 77, 15, 61, 11, 107, 11, 69, 9, 77, 8, 64, 11, 110, 10, 80, 12, 78, 10, 78, 11, 67, 12, 77, 10, 68, 15, 76, 12, 54, 3, 42, 3, 96, 10, 66, 10, 71, 10, 55, 13, 65, 11, 65, 10, 124, 12, 65, 12, 94, 9, 53, 3, 42, 3, 86, 4, 149, 9, 60, 11, 112, 9, 55, 8, 57, 9, 52, 4, 100, 9, 73, 11, 84, 12, 71, 12, 77, 19, 178, 9, 116, 10, 79, 10, 66, 11, 113, 12, 75, 11, 67, 10, 106, 3, 40, 3, 64, 13, 71, 10, 118, 10, 86, 12, 65, 9, 59, 11, 55, 13, 103, 12, 69, 10, 107, 12, 84, 15, 62, 11, 56, 10, 58, 11, 98, 12, 77, 12, 60, 7, 96, 10, 82, 13, 89, 12, 63, 13, 69, 15, 86, 5, 58, 16, 96, 9, 69, 11, 82, 13, 96, 16, 80, 7, 107, 9, 71, 3, 53, 2, 106, 9, 79, 11, 71, 3, 52, 3, 108, 3, 53, 2, 59, 3, 81, 2, 62, 9, 73, 2, 110, 8, 68, 4, 40, 3, 88, 7, 66, 9, 60, 16, 59, 12, 103, 10, 76, 12, 67, 9, 57, 14, 73, 10, 99, 10, 82, 6, 42, 3, 52, 3, 91, 8, 70, 8, 48, 9, 89, 10, 74, 9, 70, 9, 109, 10, 84, 13, 77, 11, 109, 8, 157, 9, 70, 8, 111, 10, 137, 9, 70, 12, 105, 10, 85, 12, 66, 12, 86, 18, 86, 13, 61, 9, 58, 9, 99, 10, 66, 5, 36, 3, 84, 2, 140, 8, 62, 4, 171, 3, 96, 8, 119, 3, 325, 8, 172, 11, 134, 8, 209, 7, 150, 8, 112, 15, 122, 8, 126, 13, 97, 9, 243, 8, 337, 3, 98, 3, 144, 8, 141, 6, 149, 11, 127, 4, 140, 17, 110, 11, 168, 9, 137, 10, 77, 11, 157, 10, 128, 10, 96, 8, 79, 10, 170, 2, 115, 9, 153, 4, 148, 9, 92, 9, 69, 9, 170, 5, 110, 9, 136, 8, 170, 10, 105, 8, 82, 9, 152, 10, 86, 9, 117, 9, 130, 11, 150, 19, 127, 11, 87, 10, 121, 10, 127, 9, 103, 11, 148, 10, 487, 9, 400, 7, 807, 7, 519, 11, 954, 8, 713, 11, 246, 9, 608, 7, 220, 3, 216, 10, 88, 3, 144, 9, 125, 8, 113, 15, 110, 11, 255, 7, 228, 5, 202, 7, 100, 4, 218, 3, 178, 4, 132, 8, 107, 4, 139, 4, 159, 4, 75, 7, 117, 4, 206, 4, 150, 4, 122, 4, 146, 4, 108, 4, 417, 3, 128, 5, 345, 2, 100]

Histogram Distribution : 
       Value     Percentile TotalCount 1/(1-Percentile)

       2.000 0.000000000000          9           1.00
       7.000 0.100000000000        112           1.11
       9.000 0.200000000000        204           1.25
      11.000 0.300000000000        302           1.43
      14.000 0.400000000000        402           1.67
      36.000 0.500000000000        500           2.00
      57.000 0.550000000000        557           2.22
      63.000 0.600000000000        600           2.50
      68.000 0.650000000000        655           2.86
      73.000 0.700000000000        703           3.33
      78.000 0.750000000000        750           4.00
      82.000 0.775000000000        782           4.44
      86.000 0.800000000000        802           5.00
      93.000 0.825000000000        829           5.71
      98.000 0.850000000000        851           6.67
     105.000 0.875000000000        877           8.00
     108.000 0.887500000000        888           8.89
     111.000 0.900000000000        900          10.00
     117.000 0.912500000000        914          11.43
     127.000 0.925000000000        926          13.33
     140.000 0.937500000000        939          16.00
     145.000 0.943750000000        944          17.78
     149.000 0.950000000000        952          20.00
     152.000 0.956250000000        958          22.86
     157.000 0.962500000000        963          26.67
     170.000 0.968750000000        969          32.00
     178.000 0.971875000000        973          35.56
     202.000 0.975000000000        975          40.00
     216.000 0.978125000000        979          45.71
     228.000 0.981250000000        982          53.33
     246.000 0.984375000000        985          64.00
     255.000 0.985937500000        986          71.11
     325.000 0.987500000000        988          80.00
     345.000 0.989062500000        990          91.43
     400.000 0.990625000000        991         106.67
     440.000 0.992187500000        993         128.00
     440.000 0.992968750000        993         142.22
     449.000 0.993750000000        994         160.00
     487.000 0.994531250000        995         182.86
     519.000 0.995312500000        996         213.33
     608.000 0.996093750000        997         256.00
     608.000 0.996484375000        997         284.44
     608.000 0.996875000000        997         320.00
     713.000 0.997265625000        998         365.71
     713.000 0.997656250000        998         426.67
     807.000 0.998046875000        999         512.00
     807.000 0.998242187500        999         568.89
     807.000 0.998437500000        999         640.00
     807.000 0.998632812500        999         731.43
     807.000 0.998828125000        999         853.33
     954.000 0.999023437500       1000        1024.00
     954.000 1.000000000000       1000
#[Mean    =       55.618, StdDeviation   =       74.303]
#[Max     =      954.000, Total count    =         1000]
#[Buckets =           20, SubBuckets     =         2048]

50th Percentile : 
36
90th Percentile : 
111
95th Percentile : 
149
99th Percentile : 
345
99.9th Percentile : 
807
99.99th Percentile : 
954
99.999th Percentile : 
954
