Recorded latencies [in milli seconds] for HTTP requests :
Workload Type : workload_E
Recorded HTTP request completion times :
[573, 52, 47, 61, 104, 82, 79, 120, 91, 62, 103, 79, 77, 132, 90, 72, 78, 70, 105, 121, 92, 121, 77, 68, 128, 158, 78, 68, 107, 75, 77, 125, 73, 66, 109, 69, 58, 115, 78, 65, 82, 66, 96, 44, 99, 202, 79, 75, 121, 66, 68, 121, 89, 81, 121]

Histogram Distribution : 
       Value     Percentile TotalCount 1/(1-Percentile)

      44.000 0.000000000000          1           1.00
      62.000 0.100000000000          6           1.11
      68.000 0.200000000000         13           1.25
      73.000 0.300000000000         17           1.43
      77.000 0.400000000000         22           1.67
      79.000 0.500000000000         28           2.00
      82.000 0.550000000000         31           2.22
      90.000 0.600000000000         33           2.50
      96.000 0.650000000000         36           2.86
     104.000 0.700000000000         39           3.33
     109.000 0.750000000000         42           4.00
     115.000 0.775000000000         43           4.44
     120.000 0.800000000000         44           5.00
     121.000 0.825000000000         49           5.71
     121.000 0.850000000000         49           6.67
     121.000 0.875000000000         49           8.00
     121.000 0.887500000000         49           8.89
     125.000 0.900000000000         50          10.00
     128.000 0.912500000000         51          11.43
     128.000 0.925000000000         51          13.33
     132.000 0.937500000000         52          16.00
     132.000 0.943750000000         52          17.78
     158.000 0.950000000000         53          20.00
     158.000 0.956250000000         53          22.86
     158.000 0.962500000000         53          26.67
     202.000 0.968750000000         54          32.00
     202.000 0.971875000000         54          35.56
     202.000 0.975000000000         54          40.00
     202.000 0.978125000000         54          45.71
     202.000 0.981250000000         54          53.33
     573.000 0.984375000000         55          64.00
     573.000 1.000000000000         55
#[Mean    =       98.455, StdDeviation   =       70.573]
#[Max     =      573.000, Total count    =           55]
#[Buckets =           20, SubBuckets     =         2048]

50th Percentile : 
79
90th Percentile : 
125
95th Percentile : 
158
99th Percentile : 
573
