Recorded latencies [in milli seconds] for HTTP requests :
Workload Type : workload_A
Recorded HTTP request completion times :
[502, 145, 8, 53, 28, 58, 13, 60, 23, 68, 20, 67, 12, 104, 24, 81, 23, 88, 32, 65, 12, 47, 6, 61, 27, 93, 18, 81, 15, 75, 16, 82, 13, 123, 14, 71, 17, 72, 12, 79, 16, 64, 6, 49, 4, 53, 8, 118, 17, 77, 23, 211, 14, 73, 18, 85, 24, 93, 22, 95, 23, 79, 22, 65, 20, 65, 14, 65, 14, 66, 16, 64, 15, 60, 17, 59, 13, 112, 27, 73, 16, 51, 5, 41, 6, 37, 6, 81, 7, 75, 21, 71, 6, 55, 20, 168, 17, 77, 21, 72, 16, 85, 21, 78, 17, 84, 15, 73, 17, 75, 9, 123, 17, 79, 15, 74, 15, 89, 20, 70, 8, 62, 11, 67, 16, 75, 18, 90, 14, 115, 19, 108, 19, 74, 4, 42, 13, 42, 6, 99, 14, 75, 14, 85, 15, 82, 15, 88, 6, 50, 7, 66, 11, 80, 15, 72, 12, 79, 14, 99, 15, 84, 15, 73, 15, 76, 14, 75, 13, 104, 18, 93, 22, 84, 14, 70, 17, 94, 14, 86, 32, 81, 15, 82, 13, 64, 13, 60, 15, 82, 22, 72, 10, 55, 7, 95, 17, 75, 16, 64, 15, 63, 14, 65, 16, 85, 17, 45, 5, 51, 17, 63, 21, 80, 7, 48, 7, 101, 18, 74, 8, 59, 16, 77, 5, 57, 9, 92, 11, 66, 14, 75, 13, 81, 26, 171, 5, 63, 6, 113, 9, 65, 16, 83, 11, 69, 13, 76, 14, 79, 19, 157, 12, 95, 14, 69, 14, 57, 10, 93, 4, 43, 3, 47, 11, 98, 11, 62, 14, 64, 7, 40, 5, 92, 13, 75, 11, 106, 12, 62, 12, 64, 15, 64, 15, 60, 9, 60, 10, 97, 11, 74, 18, 160, 16, 108, 13, 60, 12, 60, 13, 66, 7, 122, 9, 69, 3, 200, 23, 112, 16, 256, 13, 78, 12, 82, 17, 88, 13, 71, 10, 106, 11, 78, 15, 61, 11, 66, 12, 104, 12, 72, 12, 57, 14, 62, 11, 67, 11, 66, 19, 84, 13, 55, 3, 49, 11, 67, 11, 97, 11, 69, 11, 57, 10, 61, 5, 82, 5, 172, 11, 90, 3, 43, 4, 134, 12, 97, 14, 53, 9, 62, 12, 74, 6, 82, 8, 91, 13, 167, 14, 703, 19, 167, 15, 184, 14, 76, 6, 70, 11, 76, 14, 87, 14, 75, 18, 60, 14, 75, 16, 63, 12, 62, 6, 90, 8, 49, 11, 52, 11, 55, 13, 64, 16, 69, 12, 96, 3, 39, 4, 55, 4, 81, 3, 54, 7, 50, 3, 84, 4, 42, 5, 70, 10, 98, 12, 79, 12, 66, 13, 64, 12, 66, 16, 70, 11, 68, 15, 71, 11, 115, 12, 87, 12, 77, 12, 77, 10, 77, 14, 90, 8, 113, 4, 55, 3, 67, 12, 114, 11, 77, 13, 78, 14, 67, 19, 68, 3, 48, 10, 58, 14, 63, 11, 67, 10, 104, 10, 64, 14, 77, 9, 69, 11, 63, 13, 63, 10, 68, 10, 90, 10, 98, 16, 77, 12, 65, 16, 58, 16, 184, 13, 51, 6, 50, 5, 64, 12, 108, 9, 84, 11, 67, 12, 109, 11, 67, 12, 67, 12, 70, 10, 73, 11, 122, 10, 108, 9, 84, 10, 80, 13, 75, 10, 110, 97, 75, 4, 64, 17, 89, 10, 50, 3, 93, 2, 139, 3, 39, 3, 95, 10, 73, 10, 84, 7, 111, 10, 147, 4, 214, 7, 142, 12, 108, 12, 144, 11, 144, 11, 132, 11, 117, 5, 141, 2, 130, 10, 163, 16, 211, 13, 172, 10, 66, 5, 138, 11, 120, 17, 98, 17, 115, 12, 120, 10, 87, 11, 78, 11, 94, 6, 114, 9, 163, 10, 93, 12, 218, 9, 80, 10, 121, 13, 106, 12, 99, 9, 97, 10, 126, 10, 90, 13, 123, 10, 339, 10, 89, 7, 161, 8, 123, 2, 125, 12, 175, 13, 100, 14, 130, 10, 144, 10, 125, 14, 285, 10, 309, 6, 516, 6, 631, 9, 521, 7, 305, 8, 215, 8, 246, 7, 336, 8, 225, 7, 244, 10, 158, 11, 100, 4, 92, 4, 100, 6, 75, 4, 247, 4, 68, 5, 103, 4, 221, 4, 64, 4, 106, 5, 66, 4, 52, 3, 89, 5, 53, 4, 54, 4, 117, 7, 47, 3, 46, 5, 92, 4, 51, 2, 52, 5, 106, 4, 64, 4, 54, 4, 95, 3, 57, 8, 58, 8, 90, 6, 60, 6, 50, 12, 95, 3, 53, 2, 65, 3, 110, 4, 61, 7, 273, 2, 222, 3, 170, 2, 208, 3, 56, 3, 52, 3, 57, 7, 72, 7, 111, 8, 174, 7, 50, 10, 54, 6, 91, 7, 52, 6, 49, 7, 50, 6, 62, 7, 58, 6, 56, 3, 42, 2, 42, 2, 43, 4, 45, 5, 51, 6, 48, 7, 52, 9, 67, 6, 106, 12, 73, 4, 46, 7, 59, 6, 48, 8, 59, 12, 66, 7, 71, 10, 68, 7, 59, 9, 71, 10, 104, 14, 80, 7, 163, 9, 74, 8, 75, 9, 70, 10, 110, 8, 57, 3, 62, 2, 53, 3, 44, 3, 50, 9, 62, 11, 74, 10, 71, 9, 68, 10, 61, 9, 68, 7, 62, 7, 59, 9, 56, 7, 65, 10, 72, 11, 63, 12, 89, 13, 62, 9, 70, 10, 56, 10, 72, 14, 168, 9, 71, 10, 70, 11, 76, 11, 77, 10, 94, 6, 60, 3, 58, 8, 73, 8, 71, 12, 79, 12, 171, 9, 70, 10, 91, 9, 80, 9, 80, 9, 97, 13, 92, 9, 127, 9, 63, 9, 61, 11, 70, 12, 54, 4, 41, 4, 50, 12, 65, 9, 80, 5, 49, 6, 45, 5, 103, 9, 88, 9, 58, 10, 59, 11, 73, 9, 59, 10, 59, 8, 69, 9, 57, 7, 62, 8, 72, 13, 62, 13, 76, 9, 76, 5, 175, 9, 79, 9, 71, 8, 70, 11, 84, 11, 72, 10, 109, 10, 94, 14, 99, 11, 77, 11, 103, 11, 101, 11, 76, 11, 90, 12, 55]

Histogram Distribution : 
       Value     Percentile TotalCount 1/(1-Percentile)

       2.000 0.000000000000         10           1.00
       6.000 0.100000000000        112           1.11
       9.000 0.200000000000        203           1.25
      11.000 0.300000000000        301           1.43
      14.000 0.400000000000        407           1.67
      39.000 0.500000000000        501           2.00
      52.000 0.550000000000        550           2.22
      60.000 0.600000000000        606           2.50
      65.000 0.650000000000        658           2.86
      70.000 0.700000000000        707           3.33
      75.000 0.750000000000        758           4.00
      77.000 0.775000000000        777           4.44
      81.000 0.800000000000        804           5.00
      85.000 0.825000000000        825           5.71
      92.000 0.850000000000        854           6.67
      97.000 0.875000000000        877           8.00
     100.000 0.887500000000        888           8.89
     106.000 0.900000000000        904          10.00
     110.000 0.912500000000        914          11.43
     115.000 0.925000000000        925          13.33
     125.000 0.937500000000        939          16.00
     132.000 0.943750000000        944          17.78
     144.000 0.950000000000        952          20.00
     160.000 0.956250000000        957          22.86
     167.000 0.962500000000        963          26.67
     172.000 0.968750000000        970          32.00
     175.000 0.971875000000        973          35.56
     184.000 0.975000000000        975          40.00
     211.000 0.978125000000        979          45.71
     218.000 0.981250000000        982          53.33
     225.000 0.984375000000        985          64.00
     244.000 0.985937500000        986          71.11
     247.000 0.987500000000        988          80.00
     273.000 0.989062500000        990          91.43
     285.000 0.990625000000        991         106.67
     309.000 0.992187500000        993         128.00
     309.000 0.992968750000        993         142.22
     336.000 0.993750000000        994         160.00
     339.000 0.994531250000        995         182.86
     502.000 0.995312500000        996         213.33
     516.000 0.996093750000        997         256.00
     516.000 0.996484375000        997         284.44
     516.000 0.996875000000        997         320.00
     521.000 0.997265625000        998         365.71
     521.000 0.997656250000        998         426.67
     631.000 0.998046875000        999         512.00
     631.000 0.998242187500        999         568.89
     631.000 0.998437500000        999         640.00
     631.000 0.998632812500        999         731.43
     631.000 0.998828125000        999         853.33
     703.000 0.999023437500       1000        1024.00
     703.000 1.000000000000       1000
#[Mean    =       51.641, StdDeviation   =       62.181]
#[Max     =      703.000, Total count    =         1000]
#[Buckets =           20, SubBuckets     =         2048]

50th Percentile : 
39
90th Percentile : 
106
95th Percentile : 
144
99th Percentile : 
273
99.9th Percentile : 
631
99.99th Percentile : 
703
99.999th Percentile : 
703
