Recorded latencies [in milli seconds] for HTTP requests :
Workload Type : workload_A
Recorded HTTP request completion times :
[482, 471, 13, 112, 29, 95, 21, 97, 23, 77, 27, 84, 22, 79, 18, 83, 20, 77, 19, 82, 17, 86, 21, 79, 25, 81, 14, 56, 17, 65, 19, 137, 21, 83, 20, 73, 19, 87, 24, 85, 18, 78, 23, 81, 7, 64, 28, 96, 7, 118, 24, 76, 20, 175, 17, 87, 22, 67, 11, 55, 10, 62, 16, 106, 25, 75, 16, 84, 15, 86, 15, 85, 15, 98, 18, 95, 22, 85, 14, 79, 21, 98, 19, 92, 22, 92, 22, 86, 7, 112, 20, 81, 22, 90, 21, 83, 9, 53, 4, 39, 6, 104, 20, 103, 24, 119, 16, 88, 19, 70, 8, 58, 15, 175, 15, 73, 12, 62, 13, 64, 11, 107, 20, 101, 19, 80, 14, 79, 7, 44, 4, 41, 5, 103, 19, 97, 25, 77, 8, 62, 18, 84, 17, 79, 9, 63, 4, 98, 5, 59, 11, 80, 21, 111, 14, 73, 18, 86, 16, 81, 22, 75, 18, 97, 7, 70, 17, 80, 4, 93, 5, 51, 15, 61, 12, 59, 16, 71, 12, 66, 14, 74, 15, 83, 13, 65, 13, 77, 13, 74, 19, 60, 8, 91, 9, 75, 21, 83, 19, 63, 8, 45, 3, 94, 18, 87, 13, 82, 12, 80, 12, 63, 20, 112, 12, 120, 11, 80, 10, 77, 11, 121, 12, 68, 11, 76, 10, 111, 11, 68, 11, 83, 13, 78, 7, 106, 7, 70, 12, 71, 12, 73, 12, 76, 12, 106, 13, 70, 15, 255, 13, 86, 12, 72, 20, 69, 6, 52, 10, 100, 11, 77, 9, 63, 14, 84, 12, 111, 13, 75, 11, 83, 6, 52, 8, 48, 10, 67, 11, 103, 8, 57, 11, 69, 13, 75, 12, 109, 10, 68, 13, 64, 8, 106, 16, 84, 13, 77, 14, 76, 14, 75, 11, 81, 13, 73, 13, 80, 15, 90, 13, 66, 13, 72, 16, 57, 4, 85, 3, 62, 12, 54, 7, 98, 6, 77, 11, 65, 9, 102, 12, 71, 11, 46, 7, 52, 8, 103, 12, 127, 15, 66, 7, 47, 4, 89, 10, 65, 15, 82, 14, 60, 13, 64, 9, 61, 11, 65, 14, 76, 18, 95, 11, 80, 22, 79, 6, 108, 10, 98, 9, 72, 13, 75, 12, 123, 12, 66, 19, 89, 16, 94, 18, 62, 4, 57, 4, 49, 10, 69, 11, 90, 5, 49, 2, 47, 4, 80, 3, 43, 4, 44, 7, 95, 15, 102, 14, 62, 13, 64, 10, 70, 11, 68, 14, 60, 13, 64, 13, 113, 13, 56, 5, 51, 6, 99, 18, 78, 8, 47, 6, 51, 6, 100, 10, 73, 12, 71, 15, 74, 10, 84, 15, 78, 12, 79, 12, 276, 11, 82, 6, 59, 3, 52, 3, 94, 4, 165, 10, 104, 4, 178, 8, 55, 6, 44, 10, 102, 11, 67, 10, 54, 9, 97, 12, 140, 10, 61, 12, 65, 13, 62, 13, 65, 10, 59, 10, 120, 11, 68, 12, 59, 14, 60, 11, 118, 6, 61, 6, 65, 10, 111, 11, 72, 9, 60, 12, 52, 5, 58, 15, 187, 10, 76, 8, 99, 9, 75, 10, 70, 13, 73, 14, 72, 11, 79, 11, 77, 10, 125, 13, 76, 10, 83, 12, 71, 11, 59, 11, 71, 13, 67, 5, 89, 3, 158, 8, 488, 6, 92, 7, 54, 5, 44, 4, 88, 10, 56, 3, 38, 3, 89, 9, 58, 5, 53, 9, 102, 11, 68, 9, 58, 8, 100, 8, 62, 4, 51, 12, 71, 9, 64, 13, 100, 4, 134, 7, 62, 93, 55, 4, 104, 13, 76, 13, 75, 7, 53, 3, 101, 12, 83, 11, 77, 12, 115, 6, 68, 3, 48, 7, 93, 10, 72, 10, 59, 10, 105, 4, 69, 11, 68, 17, 57, 5, 117, 13, 66, 10, 58, 12, 66, 12, 140, 8, 93, 4, 74, 5, 69, 5, 107, 3, 93, 13, 79, 4, 65, 6, 151, 3, 86, 8, 100, 9, 182, 10, 140, 12, 153, 9, 110, 9, 180, 5, 195, 11, 100, 5, 128, 11, 78, 16, 121, 5, 151, 15, 119, 4, 182, 8, 71, 10, 71, 11, 99, 13, 142, 14, 133, 10, 144, 5, 74, 10, 248, 10, 133, 10, 111, 8, 145, 9, 158, 10, 109, 10, 134, 11, 86, 14, 212, 9, 97, 11, 95, 5, 150, 12, 95, 11, 108, 4, 121, 8, 168, 11, 162, 8, 127, 6, 152, 10, 153, 6, 125, 11, 148, 12, 119, 8, 117, 3, 76, 3, 130, 3, 397, 9, 492, 7, 583, 6, 491, 8, 268, 10, 302, 8, 225, 8, 178, 8, 356, 11, 159, 20, 218, 13, 182, 4, 140, 3, 326, 6, 114, 12, 163, 6, 115, 9, 88, 6, 57, 3, 123, 5, 80, 5, 68, 4, 107, 5, 145, 4, 59, 4, 111, 4, 74, 4, 58, 4, 102, 4, 127, 4, 106, 4, 104, 3, 148, 4, 56, 3, 105, 19, 100, 8, 112, 5, 285, 8, 465, 4, 87, 3, 58, 9, 249, 3, 241, 3, 63, 10, 69, 11, 71, 3, 53, 3, 53, 4, 115, 9, 66, 9, 59, 10, 57, 11, 53, 11, 192, 2, 45, 3, 49, 8, 70, 8, 62, 10, 63, 10, 61, 7, 54, 7, 52, 8, 68, 8, 58, 9, 64, 14, 82, 8, 71, 10, 70, 10, 69, 8, 50, 4, 51, 6, 58, 8, 59, 11, 77, 12, 86, 4, 61, 6, 63, 9, 68, 11, 94, 5, 69, 6, 68, 5, 65, 10, 66, 7, 63, 9, 62, 13, 100, 4, 48, 3, 42, 2, 45, 6, 53, 7, 75, 7, 58, 11, 66, 9, 61, 10, 47, 6, 54, 7, 61, 11, 67, 12, 68, 10, 77, 10, 72, 13, 56, 4, 55, 10, 67, 8, 62, 12, 67, 14, 73, 11, 80, 10, 70, 3, 48, 11, 81, 11, 85, 14, 75, 11, 77, 10, 79, 9, 70, 10, 73, 13, 84, 12, 73, 12, 78, 11, 76, 11, 76, 8, 71, 13, 90, 8, 57, 9, 93, 9, 56]

Histogram Distribution : 
       Value     Percentile TotalCount 1/(1-Percentile)

       2.000 0.000000000000          3           1.00
       6.000 0.100000000000        117           1.11
       9.000 0.200000000000        207           1.25
      11.000 0.300000000000        312           1.43
      14.000 0.400000000000        411           1.67
      39.000 0.500000000000        500           2.00
      55.000 0.550000000000        550           2.22
      62.000 0.600000000000        608           2.50
      67.000 0.650000000000        650           2.86
      72.000 0.700000000000        700           3.33
      77.000 0.750000000000        751           4.00
      80.000 0.775000000000        777           4.44
      84.000 0.800000000000        804           5.00
      89.000 0.825000000000        828           5.71
      95.000 0.850000000000        852           6.67
     101.000 0.875000000000        876           8.00
     104.000 0.887500000000        889           8.89
     108.000 0.900000000000        901          10.00
     112.000 0.912500000000        914          11.43
     119.000 0.925000000000        926          13.33
     127.000 0.937500000000        938          16.00
     134.000 0.943750000000        944          17.78
     142.000 0.950000000000        950          20.00
     151.000 0.956250000000        958          22.86
     158.000 0.962500000000        963          26.67
     175.000 0.968750000000        970          32.00
     178.000 0.971875000000        972          35.56
     182.000 0.975000000000        976          40.00
     195.000 0.978125000000        979          45.71
     225.000 0.981250000000        982          53.33
     249.000 0.984375000000        985          64.00
     255.000 0.985937500000        986          71.11
     276.000 0.987500000000        988          80.00
     302.000 0.989062500000        990          91.43
     326.000 0.990625000000        991         106.67
     397.000 0.992187500000        993         128.00
     397.000 0.992968750000        993         142.22
     465.000 0.993750000000        994         160.00
     471.000 0.994531250000        995         182.86
     482.000 0.995312500000        996         213.33
     488.000 0.996093750000        997         256.00
     488.000 0.996484375000        997         284.44
     488.000 0.996875000000        997         320.00
     491.000 0.997265625000        998         365.71
     491.000 0.997656250000        998         426.67
     492.000 0.998046875000        999         512.00
     492.000 0.998242187500        999         568.89
     492.000 0.998437500000        999         640.00
     492.000 0.998632812500        999         731.43
     492.000 0.998828125000        999         853.33
     583.000 0.999023437500       1000        1024.00
     583.000 1.000000000000       1000
#[Mean    =       52.968, StdDeviation   =       62.463]
#[Max     =      583.000, Total count    =         1000]
#[Buckets =           20, SubBuckets     =         2048]

50th Percentile : 
39
90th Percentile : 
108
95th Percentile : 
142
99th Percentile : 
302
99.9th Percentile : 
492
99.99th Percentile : 
583
99.999th Percentile : 
583
