Recorded latencies [in milli seconds] for HTTP requests :
Workload Type : workload_C
Recorded HTTP request completion times :
[491, 14, 13, 17, 25, 33, 15, 14, 52, 14, 21, 11, 55, 10, 10, 12, 11, 10, 14, 18, 21, 55, 10, 13, 18, 12, 9, 14, 10, 10, 12, 60, 21, 23, 29, 73, 38, 24, 27, 37, 50, 14, 17, 18, 14, 10, 9, 12, 14, 12, 55, 10, 9, 8, 8, 17, 12, 10, 8, 10, 53, 15, 15, 13, 11, 12, 12, 12, 11, 13, 17, 11, 11, 63, 20, 19, 21, 63, 20, 20, 24, 22, 17, 19, 65, 31, 23, 21, 31, 17, 12, 9, 10, 9, 12, 17, 12, 9, 52, 11, 14, 15, 12, 11, 11, 10, 10, 13, 53, 10, 17, 11, 14, 19, 10, 9, 10, 10, 20, 69, 16, 13, 54, 7, 7, 8, 8, 9, 19, 7, 10, 13, 9, 11, 52, 17, 15, 14, 55, 29, 18, 18, 21, 61, 21, 25, 20, 21, 62, 31, 19, 16, 19, 21, 23, 17, 10, 11, 56, 9, 9, 7, 7, 8, 7, 6, 50, 8, 15, 11, 16, 53, 7, 7, 7, 7, 9, 53, 23, 21, 69, 19, 17, 17, 18, 26, 27, 24, 14, 51, 11, 13, 9, 15, 9, 13, 15, 11, 15, 8, 7, 6, 13, 9, 15, 63, 7, 10, 55, 10, 16, 18, 26, 26, 10, 15, 55, 8, 9, 9, 6, 7, 6, 57, 18, 18, 15, 24, 27, 62, 17, 22, 58, 17, 25, 17, 16, 17, 60, 17, 17, 18, 18, 61, 20, 18, 21, 56, 18, 25, 62, 26, 25, 62, 27, 30, 16, 51, 7, 8, 8, 7, 7, 12, 10, 9, 12, 54, 6, 6, 6, 7, 7, 53, 16, 15, 56, 15, 15, 17, 16, 20, 62, 18, 29, 19, 23, 26, 55, 9, 8, 53, 8, 8, 8, 10, 8, 9, 10, 9, 51, 9, 8, 8, 8, 10, 9, 10, 12, 11, 52, 13, 14, 16, 61, 16, 22, 17, 56, 34, 37, 30, 57, 14, 14, 11, 15, 22, 10, 10, 10, 10, 10, 11, 11, 55, 12, 11, 10, 10, 13, 20, 12, 13, 17, 55, 17, 15, 15, 16, 18, 17, 17, 58, 21, 25, 15, 62, 18, 18, 16, 20, 61, 34, 30, 67, 27, 18, 64, 23, 20, 29, 21, 14, 63, 7, 6, 7, 7, 11, 55, 23, 41, 36, 17, 54, 7, 5, 6, 8, 46, 10, 8, 8, 8, 9, 9, 7, 6, 7, 56, 7, 8, 8, 7, 8, 7, 8, 9, 12, 12, 8, 8, 8, 8, 8, 7, 7, 10, 49, 7, 7, 7, 6, 7, 7, 12, 10, 11, 52, 7, 7, 7, 6, 7, 10, 49, 6, 6, 7, 7, 6, 7, 9, 7, 12, 7, 11, 11, 9, 7, 49, 9, 8, 7, 6, 7, 8, 8, 45, 11, 7, 7, 7, 8, 7, 8, 8, 7, 9, 49, 7, 7, 5, 6, 6, 6, 6, 6, 6, 7, 9, 9, 7, 6, 6, 7, 7, 6, 6, 6, 6, 7, 6, 6, 9, 55, 14, 14, 18]

Histogram Distribution : 
       Value     Percentile TotalCount 1/(1-Percentile)

       5.000 0.000000000000          2           1.00
       7.000 0.100000000000         90           1.11
       8.000 0.200000000000        128           1.25
       9.000 0.300000000000        161           1.43
      11.000 0.400000000000        224           1.67
      13.000 0.500000000000        259           2.00
      14.000 0.550000000000        277           2.22
      16.000 0.600000000000        308           2.50
      17.000 0.650000000000        333           2.86
      18.000 0.700000000000        352           3.33
      21.000 0.750000000000        383           4.00
      23.000 0.775000000000        394           4.44
      25.000 0.800000000000        404           5.00
      27.000 0.825000000000        414           5.71
      33.000 0.850000000000        425           6.67
      49.000 0.875000000000        438           8.00
      52.000 0.887500000000        448           8.89
      53.000 0.900000000000        454          10.00
      54.000 0.912500000000        457          11.43
      55.000 0.925000000000        468          13.33
      56.000 0.937500000000        473          16.00
      56.000 0.943750000000        473          17.78
      57.000 0.950000000000        475          20.00
      60.000 0.956250000000        479          22.86
      61.000 0.962500000000        483          26.67
      62.000 0.968750000000        489          32.00
      62.000 0.971875000000        489          35.56
      62.000 0.975000000000        489          40.00
      63.000 0.978125000000        493          45.71
      63.000 0.981250000000        493          53.33
      63.000 0.984375000000        493          64.00
      63.000 0.985937500000        493          71.11
      64.000 0.987500000000        494          80.00
      65.000 0.989062500000        495          91.43
      67.000 0.990625000000        496         106.67
      69.000 0.992187500000        498         128.00
      69.000 0.992968750000        498         142.22
      69.000 0.993750000000        498         160.00
      69.000 0.994531250000        498         182.86
      69.000 0.995312500000        498         213.33
      73.000 0.996093750000        499         256.00
      73.000 0.996484375000        499         284.44
      73.000 0.996875000000        499         320.00
      73.000 0.997265625000        499         365.71
      73.000 0.997656250000        499         426.67
     491.000 0.998046875000        500         512.00
     491.000 1.000000000000        500
#[Mean    =       20.072, StdDeviation   =       26.553]
#[Max     =      491.000, Total count    =          500]
#[Buckets =           20, SubBuckets     =         2048]

50th Percentile : 
13
90th Percentile : 
53
95th Percentile : 
57
99th Percentile : 
65
99.9th Percentile : 
491
99.99th Percentile : 
491
99.999th Percentile : 
491
