Recorded latencies [in milli seconds] for HTTP requests :
Workload Type : workload_E
Recorded HTTP request completion times :
[568, 59, 53, 59, 94, 80, 82, 106, 71, 77, 106, 82, 80, 111, 77, 72, 116, 74, 87, 219, 114, 53, 54, 100, 70, 65, 98, 58, 100, 137, 68, 62, 56, 97, 60, 69, 128, 84, 65, 115, 80, 67, 66, 100, 71, 83, 85, 114, 72, 65, 114, 79, 120, 109, 71, 55, 103, 63, 69, 97, 60, 60, 84, 56, 51, 99, 67, 61, 119, 75, 76, 67, 106, 71, 75, 54, 97, 71, 81, 68]

Histogram Distribution : 
       Value     Percentile TotalCount 1/(1-Percentile)

      51.000 0.000000000000          1           1.00
      56.000 0.100000000000          8           1.11
      62.000 0.200000000000         16           1.25
      67.000 0.300000000000         24           1.43
      71.000 0.400000000000         34           1.67
      76.000 0.500000000000         40           2.00
      80.000 0.550000000000         46           2.22
      82.000 0.600000000000         49           2.50
      84.000 0.650000000000         52           2.86
      97.000 0.700000000000         58           3.33
      99.000 0.750000000000         60           4.00
     100.000 0.775000000000         63           4.44
     103.000 0.800000000000         64           5.00
     106.000 0.825000000000         67           5.71
     109.000 0.850000000000         68           6.67
     114.000 0.875000000000         72           8.00
     114.000 0.887500000000         72           8.89
     114.000 0.900000000000         72          10.00
     115.000 0.912500000000         73          11.43
     116.000 0.925000000000         74          13.33
     119.000 0.937500000000         75          16.00
     120.000 0.943750000000         76          17.78
     120.000 0.950000000000         76          20.00
     128.000 0.956250000000         77          22.86
     128.000 0.962500000000         77          26.67
     137.000 0.968750000000         78          32.00
     137.000 0.971875000000         78          35.56
     137.000 0.975000000000         78          40.00
     219.000 0.978125000000         79          45.71
     219.000 0.981250000000         79          53.33
     219.000 0.984375000000         79          64.00
     219.000 0.985937500000         79          71.11
     219.000 0.987500000000         79          80.00
     568.000 0.989062500000         80          91.43
     568.000 1.000000000000         80
#[Mean    =       88.838, StdDeviation   =       59.680]
#[Max     =      568.000, Total count    =           80]
#[Buckets =           20, SubBuckets     =         2048]

50th Percentile : 
76
90th Percentile : 
114
95th Percentile : 
120
99th Percentile : 
568
99.9th Percentile : 
568
99.99th Percentile : 
568
99.999th Percentile : 
568
