Recorded latencies [in milli seconds] for HTTP requests :
Workload Type : workload_C
Recorded HTTP request completion times :
[604, 79, 62, 68, 73, 69, 54, 79, 42, 79, 40, 51, 91, 30, 43, 69, 59, 94, 79, 73, 84, 44, 52, 77, 39, 67, 79, 34, 43, 44, 84, 49, 49, 50, 59, 43, 50, 79, 30, 28, 27, 41, 76, 26, 46, 39, 70, 44, 30, 46, 34, 33, 32, 35, 77, 24, 26, 34, 32, 86, 29, 26, 42, 31, 71, 29, 34, 32, 27, 26, 38, 28, 134, 61, 44, 37, 30, 29, 42, 67, 81, 28, 32, 30, 30, 44, 35, 40, 31, 74, 31, 24, 29, 72, 35, 35, 29, 68, 30, 28, 30, 38, 31, 37, 35, 36, 36, 29, 82, 27, 37, 54, 73, 32, 33, 32, 26, 26, 44, 78, 36, 28, 33, 31, 28, 32, 41, 42, 79, 27, 35, 24, 28, 26, 35, 84, 27, 26, 25, 41, 35, 51, 72, 48, 38, 94, 59, 77, 61, 64, 40, 46, 44, 40, 79, 56, 48, 38, 27, 35, 45, 38, 37, 45, 36, 41, 43, 76, 40, 43, 49, 78, 28, 36, 26, 117, 47, 24, 24, 29, 38, 35, 33, 70, 24, 39, 135, 43, 37, 29, 35, 36, 34, 32, 32, 22, 97, 68, 23, 32, 29, 31, 26, 28, 31, 27, 29, 49, 28, 72, 31, 27, 33, 70, 32, 22, 25, 28, 126, 41, 28, 35, 33, 32, 47, 23, 31, 77, 32, 33, 75, 33, 25, 26, 34, 24, 30, 38, 68, 35, 27, 27, 37, 71, 32, 44, 72, 34, 55, 63, 47, 49, 74, 41, 41, 36, 43, 107, 30, 25, 32, 27, 72, 26, 25, 42, 37, 24, 24, 31, 29, 24, 26, 33, 30, 70, 25, 26, 27, 29, 132, 37, 32, 26, 66, 29, 25, 36, 26, 27, 32, 37, 75, 31, 25, 37, 33, 69, 33, 21, 30, 73, 27, 28, 24, 28, 77, 26, 40, 76, 88, 35, 45, 28, 32, 136, 44, 30, 25, 33, 44, 31, 28, 30, 33, 28, 69, 29, 32, 28, 25, 37, 36, 33, 119, 50, 36, 30, 35, 75, 24, 23, 34, 28, 26, 28, 23, 45, 31, 33, 36, 27, 29, 29, 67, 28, 23, 25, 37, 28, 67, 38, 26, 32, 31, 25, 134, 63, 35, 30, 29, 25, 43, 36, 33, 29, 29, 25, 81, 26, 36, 27, 28, 47, 80, 25, 36, 24, 36, 42, 28, 71, 25, 30, 27, 28, 27, 36, 25, 86, 40, 57, 61, 72, 40, 33, 25, 31, 46, 31, 31, 71, 27, 31, 24, 30, 30, 33, 32, 38, 68, 28, 25, 26, 34, 33, 31, 31, 99, 36, 51, 34, 30, 27, 34, 78, 32, 36, 98, 33, 34, 24, 79, 23, 24, 28, 32, 26, 38, 36, 36, 28, 33, 28, 47, 33, 28, 64, 26, 23, 35, 28, 24, 28, 71, 28, 35, 23, 30, 27, 35, 84, 25, 26, 30, 32, 65, 32, 26, 71, 25, 29, 32, 23, 33, 44, 33, 28, 36, 27, 28, 35, 32, 69, 31, 24, 32, 37, 25, 41]

Histogram Distribution : 
       Value     Percentile TotalCount 1/(1-Percentile)

      21.000 0.000000000000          1           1.00
      25.000 0.100000000000         52           1.11
      28.000 0.200000000000        134           1.25
      29.000 0.300000000000        154           1.43
      32.000 0.400000000000        225           1.67
      34.000 0.500000000000        261           2.00
      35.000 0.550000000000        281           2.22
      36.000 0.600000000000        302           2.50
      38.000 0.650000000000        325           2.86
      42.000 0.700000000000        350           3.33
      46.000 0.750000000000        377           4.00
      49.000 0.775000000000        389           4.44
      56.000 0.800000000000        400           5.00
      65.000 0.825000000000        413           5.71
      69.000 0.850000000000        428           6.67
      71.000 0.875000000000        438           8.00
      72.000 0.887500000000        444           8.89
      74.000 0.900000000000        450          10.00
      77.000 0.912500000000        461          11.43
      78.000 0.925000000000        464          13.33
      79.000 0.937500000000        473          16.00
      79.000 0.943750000000        473          17.78
      81.000 0.950000000000        476          20.00
      84.000 0.956250000000        481          22.86
      86.000 0.962500000000        483          26.67
      91.000 0.968750000000        485          32.00
      94.000 0.971875000000        487          35.56
      97.000 0.975000000000        488          40.00
      99.000 0.978125000000        490          45.71
     107.000 0.981250000000        491          53.33
     119.000 0.984375000000        493          64.00
     119.000 0.985937500000        493          71.11
     126.000 0.987500000000        494          80.00
     132.000 0.989062500000        495          91.43
     134.000 0.990625000000        497         106.67
     134.000 0.992187500000        497         128.00
     134.000 0.992968750000        497         142.22
     134.000 0.993750000000        497         160.00
     135.000 0.994531250000        498         182.86
     135.000 0.995312500000        498         213.33
     136.000 0.996093750000        499         256.00
     136.000 0.996484375000        499         284.44
     136.000 0.996875000000        499         320.00
     136.000 0.997265625000        499         365.71
     136.000 0.997656250000        499         426.67
     604.000 0.998046875000        500         512.00
     604.000 1.000000000000        500
#[Mean    =       43.112, StdDeviation   =       32.683]
#[Max     =      604.000, Total count    =          500]
#[Buckets =           20, SubBuckets     =         2048]

50th Percentile : 
34
90th Percentile : 
74
95th Percentile : 
81
99th Percentile : 
132
