Recorded latencies [in milli seconds] for HTTP requests :
Workload Type : workload_E
Recorded HTTP request completion times :
[534, 60, 61, 82, 133, 75, 76, 127, 82, 76, 119, 98, 86, 57, 91, 61, 68, 191, 91, 61, 56, 95, 76, 65, 110, 69, 67, 110, 81, 91, 119, 76, 77, 76, 111, 84, 68, 96, 77, 85, 84, 121, 89, 77, 108, 68, 96, 115, 68, 90, 115, 79, 65, 106, 61, 75, 69, 142, 66, 71, 104, 65, 70, 97, 63, 85, 181, 108, 67, 66, 102, 71, 81, 119, 66, 91, 89, 121, 78, 79, 118, 72, 69, 94, 71, 93, 84, 75, 70, 76, 108, 68, 59, 111, 124, 80, 115, 58, 65, 131, 56, 49, 101, 153, 90, 122, 91, 69, 76, 126, 103, 73, 75, 106, 150, 70, 119, 66, 66, 98, 61, 71, 116, 66, 60, 105, 64, 78, 64, 97, 47, 97, 119, 72, 61, 122, 172, 61, 112, 84, 77, 108, 69, 72, 86, 126, 73, 64, 202, 123, 71, 45, 91, 159, 77, 61, 110, 68, 58, 109, 83, 61, 51, 105, 66, 54, 101, 70, 56, 165, 77, 77, 114, 81, 91, 122, 149, 80, 114, 85, 93, 116, 77, 51, 106, 60, 56, 114, 84, 69, 107, 85, 68, 103, 138, 59, 97, 63, 70, 99, 58, 66, 98, 69, 58, 108, 78, 94, 110, 74, 67, 108, 146, 76, 103, 51, 62, 122, 125, 89, 73, 112, 71, 65, 100, 66, 55, 107, 71, 97, 73, 109, 55, 59, 107, 73, 60, 105, 85, 58, 110, 68, 88, 119, 93, 77, 107, 70, 76, 82, 120, 98, 73, 122, 88, 80, 90, 129, 89, 66, 100, 64, 62, 96, 70, 61, 126, 73, 64, 87, 38, 44, 94, 60, 77, 119, 93, 78, 133, 123, 65, 112, 586, 69, 114, 62, 70, 121, 93, 75, 124, 66, 76, 109, 69, 56, 95, 75, 81, 104, 74, 62, 97, 70, 60, 129, 72, 75, 104, 107, 77, 115, 74, 68, 109, 56, 67, 108, 159, 62, 107, 61, 62, 110, 68, 63, 96, 58, 60, 102, 75, 61, 106, 67, 82, 104, 59, 58, 108, 67, 257, 265, 81, 84, 102, 71, 64, 111, 80, 66, 108, 150, 73, 122, 93, 66, 113, 66, 55, 97, 79, 58, 104, 67, 52, 95, 62, 57, 162, 70, 67, 156, 67, 66, 99, 76, 68, 82, 86, 76, 109, 284, 108, 145, 230, 149, 278, 233, 79, 134, 299, 91, 178, 199, 149, 92, 125, 77, 209, 119, 71, 106, 201, 158, 179, 128, 108, 76, 162, 140, 151, 129, 88, 93, 147, 139, 220, 182, 128, 109, 188, 102, 92, 137, 129, 136, 139, 148, 131, 77, 272, 166, 364, 494, 522, 564, 499, 114, 543, 167, 91, 190, 211, 186, 196, 129, 82, 177, 77, 88, 137, 78, 45, 171, 73, 78, 110, 272, 73, 99, 141, 86, 87, 95, 121, 119, 8, 172, 47, 41, 134, 21, 131, 31, 48, 18, 25, 18, 15, 9, 7, 12, 11, 19, 23, 99, 14, 108, 67, 28, 14, 13, 10, 24, 14, 13, 14, 13, 13, 18, 17, 24, 8, 81, 10, 17, 22, 20, 51, 13, 33, 21, 56, 53, 31, 24, 8, 9, 18, 11, 21, 18, 22, 73, 35, 44, 166, 9, 117, 34, 30, 280, 190, 55, 54, 251, 49, 208, 44, 46, 59, 67, 66, 67, 68, 68, 57, 52, 57, 56, 69, 67, 90, 63, 90, 59, 38, 49, 53, 50, 52, 49, 52, 58, 52, 48, 55, 56, 54, 56, 49, 50, 47, 55, 74, 90, 65, 15, 162, 31, 40, 304, 310, 302, 732, 400, 318, 269, 122, 290, 182, 100, 297, 302, 151, 414, 551, 326, 292, 300, 511, 86, 70, 115, 69, 54, 99, 54, 58, 97, 57, 112, 165, 56, 44, 59, 106, 70, 62, 106, 55, 69, 116, 198, 48, 106, 67, 80, 107, 68, 72, 113, 139, 64, 109, 90, 74, 91, 74, 71, 85, 51, 59, 95, 151, 51, 119, 34, 133, 104, 60, 66, 113, 67, 66, 110, 80, 78, 102, 62, 96, 110, 75, 65, 112, 65, 58, 111, 67, 68, 96, 60, 56, 120, 57, 60, 102, 71, 58, 96, 63, 77, 101, 96, 67, 73, 134, 99, 54, 94, 70, 67, 109, 70, 67, 118, 69, 67, 108, 93, 80, 95, 59, 60, 97, 78, 65, 97, 52, 43, 86, 86, 91, 89, 80, 57, 96, 83, 64, 110, 69, 66, 114, 69, 75, 189, 67, 66, 112, 67, 89, 135, 77, 66, 105, 74, 46, 123, 64, 57, 99, 77, 54, 100, 57, 56, 94, 140, 50, 92, 47, 56, 98, 72, 63, 131, 87, 88, 123, 85, 91, 113, 75, 67, 102, 36, 44, 97, 54, 43, 84, 49, 47, 95, 59, 45, 100, 80, 66, 103, 68, 52, 103, 76, 58, 100, 88, 66, 109, 50, 52, 125, 58, 62, 110, 70, 77, 107, 60, 70, 100, 74, 56, 96, 49, 58, 97, 164, 63, 92, 62, 61, 100, 60, 56, 97, 55, 73, 105]

Histogram Distribution : 
       Value     Percentile TotalCount 1/(1-Percentile)

       7.000 0.000000000000          1           1.00
      49.000 0.100000000000         83           1.11
      59.000 0.200000000000        169           1.25
      66.000 0.300000000000        255           1.43
      71.000 0.400000000000        336           1.67
      78.000 0.500000000000        414           2.00
      85.000 0.550000000000        455           2.22
      91.000 0.600000000000        496           2.50
      97.000 0.650000000000        543           2.86
     103.000 0.700000000000        578           3.33
     108.000 0.750000000000        618           4.00
     110.000 0.775000000000        638           4.44
     114.000 0.800000000000        658           5.00
     119.000 0.825000000000        679           5.71
     124.000 0.850000000000        698           6.67
     133.000 0.875000000000        719           8.00
     138.000 0.887500000000        727           8.89
     148.000 0.900000000000        738          10.00
     156.000 0.912500000000        748          11.43
     166.000 0.925000000000        759          13.33
     182.000 0.937500000000        769          16.00
     190.000 0.943750000000        774          17.78
     201.000 0.950000000000        779          20.00
     220.000 0.956250000000        784          22.86
     265.000 0.962500000000        789          26.67
     280.000 0.968750000000        794          32.00
     290.000 0.971875000000        796          35.56
     299.000 0.975000000000        799          40.00
     302.000 0.978125000000        802          45.71
     310.000 0.981250000000        804          53.33
     364.000 0.984375000000        807          64.00
     400.000 0.985937500000        808          71.11
     414.000 0.987500000000        809          80.00
     499.000 0.989062500000        811          91.43
     511.000 0.990625000000        812         106.67
     522.000 0.992187500000        813         128.00
     534.000 0.992968750000        814         142.22
     534.000 0.993750000000        814         160.00
     543.000 0.994531250000        815         182.86
     551.000 0.995312500000        816         213.33
     551.000 0.996093750000        816         256.00
     564.000 0.996484375000        817         284.44
     564.000 0.996875000000        817         320.00
     564.000 0.997265625000        817         365.71
     586.000 0.997656250000        818         426.67
     586.000 0.998046875000        818         512.00
     586.000 0.998242187500        818         568.89
     586.000 0.998437500000        818         640.00
     586.000 0.998632812500        818         731.43
     732.000 0.998828125000        819         853.33
     732.000 1.000000000000        819
#[Mean    =       96.272, StdDeviation   =       72.608]
#[Max     =      732.000, Total count    =          819]
#[Buckets =           20, SubBuckets     =         2048]

50th Percentile : 
78
90th Percentile : 
148
95th Percentile : 
201
99th Percentile : 
499
