Recorded latencies [in milli seconds] for HTTP requests :
Workload Type : workload_B
Recorded HTTP request completion times :
[650, 61, 88, 70, 59, 52, 106, 63, 75, 67, 155, 193, 70, 84, 129, 101, 82, 89, 101, 84, 113, 91, 77, 397, 80, 85, 122, 72, 75, 112, 90, 203, 240, 93, 43, 45, 98, 91, 65, 68, 72, 81, 112, 95, 84, 43, 90, 103, 81, 75, 76, 122, 88, 79, 121, 80, 84, 130, 65, 77, 124, 90, 79, 118, 107, 86, 82, 51, 101, 70, 76, 90, 62, 105, 77, 442, 186, 70, 110, 76, 70, 102, 69, 70, 111, 71, 61, 105, 81, 87, 75, 116, 71, 55, 114, 81, 74, 61, 135, 95]

Histogram Distribution : 
       Value     Percentile TotalCount 1/(1-Percentile)

      43.000 0.000000000000          2           1.00
      61.000 0.100000000000         10           1.11
      70.000 0.200000000000         23           1.25
      75.000 0.300000000000         32           1.43
      79.000 0.400000000000         40           1.67
      84.000 0.500000000000         52           2.00
      87.000 0.550000000000         55           2.22
      90.000 0.600000000000         62           2.50
      93.000 0.650000000000         65           2.86
     101.000 0.700000000000         71           3.33
     105.000 0.750000000000         75           4.00
     110.000 0.775000000000         78           4.44
     112.000 0.800000000000         81           5.00
     114.000 0.825000000000         83           5.71
     118.000 0.850000000000         85           6.67
     122.000 0.875000000000         88           8.00
     124.000 0.887500000000         89           8.89
     129.000 0.900000000000         90          10.00
     135.000 0.912500000000         92          11.43
     155.000 0.925000000000         93          13.33
     186.000 0.937500000000         94          16.00
     193.000 0.943750000000         95          17.78
     193.000 0.950000000000         95          20.00
     203.000 0.956250000000         96          22.86
     240.000 0.962500000000         97          26.67
     240.000 0.968750000000         97          32.00
     397.000 0.971875000000         98          35.56
     397.000 0.975000000000         98          40.00
     397.000 0.978125000000         98          45.71
     442.000 0.981250000000         99          53.33
     442.000 0.984375000000         99          64.00
     442.000 0.985937500000         99          71.11
     442.000 0.987500000000         99          80.00
     442.000 0.989062500000         99          91.43
     650.000 0.990625000000        100         106.67
     650.000 1.000000000000        100
#[Mean    =      103.030, StdDeviation   =       78.424]
#[Max     =      650.000, Total count    =          100]
#[Buckets =           20, SubBuckets     =         2048]

50th Percentile : 
84
90th Percentile : 
129
95th Percentile : 
193
99th Percentile : 
442
