Recorded latencies [in milli seconds]:
Workload Type : workload_G
Request/ Invocation/ DB Operation Type : SL_getCourseById
Recorded completion times :
[221, 25, 16, 8, 13, 20, 19, 8, 7, 22, 36, 10, 26, 21, 7, 23, 17, 23, 36, 12, 15, 20, 9, 20, 17, 17, 26, 25, 22, 10, 9, 30, 21, 6, 23, 10, 16, 25, 17, 17, 28, 22, 19, 8, 13, 19, 21, 53, 25, 15, 27, 13, 8, 6, 8, 22, 20, 18, 19, 27, 28, 24, 24, 39, 9, 32, 28, 13, 28, 10, 13, 18, 22, 12, 22, 22, 17, 24, 18, 28, 27, 22, 21, 8, 22, 13, 14, 20, 20, 18, 20, 22, 25, 19, 7, 6, 21, 19, 21, 20, 18, 19, 24, 17, 18, 30, 18, 13, 9, 23, 8, 4, 20, 18, 6, 31, 20, 28, 16, 29, 19, 19, 19, 26, 30, 12, 19, 31, 30, 17, 25, 16, 23, 22, 22, 18, 16, 24, 5, 4, 4, 16, 18, 5, 15, 24, 8, 16, 19, 26, 19, 25, 32, 16, 16, 22, 30, 9, 22, 24, 8, 12, 14, 19, 16, 16, 20, 7, 21, 4, 21, 19, 5, 21, 21, 22, 22, 16, 18, 21, 8, 6, 16, 19, 20, 21, 12, 15, 25, 17, 20, 26, 6, 13, 17, 11, 13, 8, 5, 5, 6, 5, 8, 4, 11, 10, 11, 12, 12, 12, 12, 12, 10, 14, 11, 10, 16, 13, 13, 8, 22, 32, 15, 15, 17, 13, 7, 6, 11, 13, 23, 19, 15, 23, 13, 15, 17, 7, 22, 24, 18, 17, 17, 17, 14, 19, 14, 14, 13, 18, 5, 18, 22, 23, 29, 33, 23, 16, 10, 9, 9, 19, 8, 5, 7, 14, 11, 12, 18, 17, 18, 14, 25, 15, 28, 6, 17, 8, 31, 4, 17, 23, 17, 12, 20, 16, 19, 15, 23, 18, 24, 19, 18, 17, 18, 15, 23, 16, 90, 23, 17, 38, 7, 23, 28, 20, 18, 17, 20, 15, 26, 13, 17, 22, 29, 86, 19, 8, 16, 21, 16, 18, 8, 15, 16, 44, 24, 25, 22, 12, 19, 11, 17, 14, 12, 28, 7, 9, 15, 10, 5, 21, 26, 110, 6, 12, 14, 177, 17, 210, 5, 21, 13, 15, 183, 26, 18, 18, 17, 21, 21, 21, 12, 20, 16, 8, 6, 14, 14, 5, 21, 18, 15, 20, 29, 25, 12, 23, 31, 10, 7, 8, 6, 20, 9, 15, 20, 16, 15, 17, 9, 5, 10, 42, 24, 22, 12, 15, 10, 8, 17, 13, 6, 25, 12, 6, 28, 17, 21, 19, 33, 31, 20, 43, 42, 6, 25, 8, 8, 6, 17, 24, 20, 14, 23, 24, 6, 14, 25, 39, 21, 27, 62, 25, 17, 47, 19, 28, 27, 22, 15, 26, 24, 16, 24, 18, 6, 27, 8, 15, 22, 38, 18, 29, 18, 27, 5, 23, 23, 24, 15, 14, 25, 17, 26, 21, 9, 15, 19, 12, 15, 13, 16, 10, 26, 13, 19, 23, 20, 23, 20, 7, 19, 18, 28, 19, 22, 23]

Histogram Distribution : 
       Value     Percentile TotalCount 1/(1-Percentile)

       4.000 0.000000000000          6           1.00
       8.000 0.100000000000         71           1.11
      11.000 0.200000000000        102           1.25
      14.000 0.300000000000        157           1.43
      16.000 0.400000000000        205           1.67
      18.000 0.500000000000        265           2.00
      19.000 0.550000000000        294           2.22
      19.000 0.600000000000        294           2.50
      20.000 0.650000000000        318           2.86
      22.000 0.700000000000        365           3.33
      23.000 0.750000000000        386           4.00
      23.000 0.775000000000        386           4.44
      24.000 0.800000000000        402           5.00
      25.000 0.825000000000        418           5.71
      25.000 0.850000000000        418           6.67
      26.000 0.875000000000        429           8.00
      27.000 0.887500000000        436           8.89
      28.000 0.900000000000        448          10.00
      28.000 0.912500000000        448          11.43
      29.000 0.925000000000        453          13.33
      30.000 0.937500000000        458          16.00
      31.000 0.943750000000        463          17.78
      32.000 0.950000000000        466          20.00
      33.000 0.956250000000        468          22.86
      36.000 0.962500000000        470          26.67
      39.000 0.968750000000        474          32.00
      42.000 0.971875000000        476          35.56
      42.000 0.975000000000        476          40.00
      44.000 0.978125000000        478          45.71
      47.000 0.981250000000        479          53.33
      62.000 0.984375000000        481          64.00
      86.000 0.985937500000        482          71.11
      86.000 0.987500000000        482          80.00
      90.000 0.989062500000        483          91.43
     110.000 0.990625000000        484         106.67
     177.000 0.992187500000        485         128.00
     177.000 0.992968750000        485         142.22
     177.000 0.993750000000        485         160.00
     183.000 0.994531250000        486         182.86
     183.000 0.995312500000        486         213.33
     210.000 0.996093750000        487         256.00
     210.000 0.996484375000        487         284.44
     210.000 0.996875000000        487         320.00
     210.000 0.997265625000        487         365.71
     210.000 0.997656250000        487         426.67
     221.000 0.998046875000        488         512.00
     221.000 1.000000000000        488
#[Mean    =       19.744, StdDeviation   =       19.093]
#[Max     =      221.000, Total count    =          488]
#[Buckets =           20, SubBuckets     =         2048]

50th Percentile : 
18
90th Percentile : 
28
95th Percentile : 
32
99th Percentile : 
110
99.9th Percentile : 
221
99.99th Percentile : 
221
99.999th Percentile : 
221
