Recorded latencies [in milli seconds]:
Workload Type : workload_E
Request/ Invocation/ DB Operation Type : HTTP_delete
Recorded completion times :
[715, 64, 84, 64, 71, 119, 82, 81, 120, 82, 78, 109, 128, 76, 75, 67, 48, 185, 78, 137, 138, 154, 65, 274, 86, 83, 131, 90, 97, 94, 100, 159, 90, 85, 83, 108, 73, 48, 49, 94, 79, 65, 107, 74, 72, 72, 112, 87, 79, 75, 72, 72, 107, 84, 81, 120, 92, 89, 117, 82, 94, 123, 92, 81, 121, 122, 124, 124, 65, 88, 105, 60, 67, 110, 84, 71, 65, 104, 79, 53, 114, 77, 65, 182, 114, 94, 102, 71, 97, 74, 67, 112, 72, 67, 111, 94, 75, 101, 69, 74, 119, 133, 82, 116, 91, 70, 107, 73, 46, 223, 81, 89, 121, 68, 55, 96, 57, 62, 126, 78, 79, 104, 81, 67, 108, 74, 107, 103, 76, 122, 89, 80, 153, 105, 116, 90, 120, 87, 104, 113, 98, 77, 101, 79, 64, 140, 79, 84, 56, 85, 47, 67, 98, 81, 71, 108, 79, 77, 109, 91, 78, 116, 71, 69, 99, 122, 79, 77, 112, 102, 98, 62, 107, 55, 63, 145, 81, 78, 106, 73, 66, 129, 64, 85, 71, 90, 94, 102, 150, 225, 67, 118, 58, 55, 98, 53, 90, 88, 66, 86, 125, 63, 72, 110, 72, 78, 108, 110, 82, 117, 82, 54, 88, 50, 43, 93, 94, 69, 107, 79, 52, 99, 63, 61, 105, 73, 50, 86, 58, 66, 121, 82, 56, 92, 61, 71, 106, 77, 79, 110, 70, 76, 108, 73, 80, 153, 69, 84, 103, 76, 71, 47, 91, 569, 95, 115, 76, 74, 114, 76, 65, 99, 56, 43, 96, 64, 101, 104, 81, 66, 124, 92, 73, 117, 65, 63, 109, 72, 77, 139, 73, 56, 96, 61, 66, 98, 68, 57, 107, 69, 62, 104, 57, 68, 99, 70, 64, 106, 80, 58, 106, 59, 55, 91, 58, 34, 85, 67, 71, 121, 171, 75, 104, 61, 61, 127, 59, 55, 98, 72, 75, 92, 64, 67, 101, 98, 69, 40, 100, 60, 55, 108, 57, 57, 116, 73, 57, 130, 80, 70, 105, 89, 65, 100, 83, 89, 109, 80, 74, 115, 83, 69, 105, 60, 60, 111, 56, 185, 92, 71, 70, 110, 72, 63, 113, 77, 81, 118, 82, 55, 126, 69, 55, 97, 211, 87, 140, 180, 125, 172, 113, 96, 189, 142, 72, 223, 126, 141, 91, 167, 134, 60, 115, 76, 133, 197, 104, 112, 148, 82, 90, 133, 76, 202, 154, 113, 150, 93, 141, 110, 92, 133, 127, 154, 167, 145, 187, 103, 133, 130, 178, 198, 115, 114, 170, 102, 434, 527, 622, 887, 535, 257, 115, 141, 214, 224, 150, 183, 80, 94, 124, 150, 83, 137, 107, 58, 52, 115, 97, 83, 66, 93, 99, 137, 73, 246, 455, 62, 98, 58, 56, 278, 78, 466, 145, 73, 85, 88, 207, 193, 67, 74, 52, 192, 44, 52, 60, 91, 219, 56, 66, 62, 75, 62, 64, 58, 56, 61, 76, 66, 75, 85, 87, 74, 69, 66, 88, 79, 72]

Histogram Distribution : 
       Value     Percentile TotalCount 1/(1-Percentile)

      34.000 0.000000000000          1           1.00
      59.000 0.100000000000         51           1.11
      67.000 0.200000000000        109           1.25
      73.000 0.300000000000        158           1.43
      79.000 0.400000000000        207           1.67
      86.000 0.500000000000        251           2.00
      91.000 0.550000000000        277           2.22
      96.000 0.600000000000        300           2.50
     102.000 0.650000000000        328           2.86
     107.000 0.700000000000        355           3.33
     112.000 0.750000000000        377           4.00
     115.000 0.775000000000        391           4.44
     118.000 0.800000000000        400           5.00
     122.000 0.825000000000        412           5.71
     128.000 0.850000000000        425           6.67
     137.000 0.875000000000        438           8.00
     141.000 0.887500000000        445           8.89
     148.000 0.900000000000        450          10.00
     153.000 0.912500000000        456          11.43
     167.000 0.925000000000        462          13.33
     182.000 0.937500000000        468          16.00
     185.000 0.943750000000        471          17.78
     193.000 0.950000000000        475          20.00
     202.000 0.956250000000        478          22.86
     214.000 0.962500000000        481          26.67
     223.000 0.968750000000        484          32.00
     224.000 0.971875000000        485          35.56
     246.000 0.975000000000        487          40.00
     274.000 0.978125000000        489          45.71
     278.000 0.981250000000        490          53.33
     455.000 0.984375000000        492          64.00
     455.000 0.985937500000        492          71.11
     466.000 0.987500000000        493          80.00
     527.000 0.989062500000        494          91.43
     535.000 0.990625000000        495         106.67
     569.000 0.992187500000        496         128.00
     569.000 0.992968750000        496         142.22
     569.000 0.993750000000        496         160.00
     622.000 0.994531250000        497         182.86
     622.000 0.995312500000        497         213.33
     715.000 0.996093750000        498         256.00
     715.000 0.996484375000        498         284.44
     715.000 0.996875000000        498         320.00
     715.000 0.997265625000        498         365.71
     715.000 0.997656250000        498         426.67
     887.000 0.998046875000        499         512.00
     887.000 1.000000000000        499
#[Mean    =      103.792, StdDeviation   =       76.666]
#[Max     =      887.000, Total count    =          499]
#[Buckets =           20, SubBuckets     =         2048]

50th Percentile : 
86
90th Percentile : 
148
95th Percentile : 
193
99th Percentile : 
535
99.9th Percentile : 
887
99.99th Percentile : 
887
99.999th Percentile : 
887
