Recorded latencies [in milli seconds]:
Workload Type : workload_H
Request/ Invocation/ DB Operation Type : SL_getCourseById
Recorded completion times :
[18, 11, 22, 24, 7, 10, 8, 5, 5, 4, 4, 5, 16, 15, 20, 14, 16, 18, 20, 17, 11, 26, 18, 18, 17, 21, 16, 27, 7, 16, 28, 14, 15, 15, 17, 21, 21, 15, 19, 14, 19, 19, 19, 16, 18, 16, 27, 4, 25, 14, 3, 13, 32, 16, 24, 4, 22, 19, 18, 13, 16, 11, 7, 16, 4, 24, 4, 4, 19, 9, 19, 21, 16, 22, 21, 14, 12, 18, 41, 15, 22, 16, 14, 24, 13, 20, 14, 25, 20, 19, 13, 22, 6, 17, 17, 19, 18, 32, 15, 4, 15, 13, 21, 19, 28, 22, 14, 17, 16, 18, 16, 15, 14, 13, 55, 3, 20, 16, 5, 19, 16, 16, 14, 6, 15, 25, 12, 15, 5, 12, 16, 26, 5, 10, 21, 16, 16, 3, 15, 13, 5, 12, 22, 13, 18, 16, 14, 13, 16, 11, 17, 5, 17, 16, 5, 3, 12, 15, 13, 16, 18, 21, 14, 20, 13, 19, 12, 16, 14, 26, 14, 16, 14, 17, 16, 13, 14, 17, 16, 13, 13, 17, 11, 29, 18, 4, 4, 14, 16, 14, 15, 14, 16, 11, 12, 15, 16, 25, 16, 14, 17, 16, 18, 14, 16, 14, 16, 16, 21, 14, 16, 15, 16, 14, 24, 13, 15, 14, 10, 16, 15, 11, 31, 12, 14, 13, 19, 13, 16, 13, 17, 9, 15, 10, 17, 10, 21, 14, 15, 15, 18, 15, 17, 10, 22, 12, 11, 18, 17, 20, 16, 4, 17, 14, 16, 22, 19, 13, 21, 5, 8, 4, 14, 17, 18, 13, 15, 15, 18, 13, 17, 22, 6, 8, 14, 16, 16, 16, 23, 18, 4, 13, 16, 14, 17, 13, 18, 16, 15, 14, 16, 4, 13, 13, 13, 13, 16, 16, 16, 15, 15, 15, 35, 19, 6, 5, 3, 3, 3, 4, 7, 14, 15, 13, 11, 11, 18, 19, 15, 17, 13, 20, 24, 16, 16, 14, 16, 13, 17, 13, 16, 7, 25, 7, 9, 18, 7, 13, 13, 19, 25, 13, 12, 12, 18, 42, 19, 13, 7, 4, 16, 13, 26, 15, 18, 15, 21, 40, 15, 23, 4, 17, 6, 24, 21, 15, 5, 29, 15, 20, 14, 14, 14, 64, 18, 15, 16, 10, 23, 15, 18, 25, 17, 36, 6, 17, 13, 16, 5, 12, 16, 16, 17, 18, 13, 13, 20, 15, 11, 24, 14, 12, 12, 12, 24, 23, 6, 17, 15, 16, 15, 17, 15, 16, 4, 9, 26, 32, 28, 11, 13, 17, 15, 6, 4, 14, 18, 16, 25, 13, 20, 3, 10, 13, 13, 15, 16, 16, 13, 14, 13, 18, 14, 20, 15, 36, 15, 19, 13, 27, 15, 25, 11, 17, 23, 19, 18, 18, 15, 15, 17, 15, 21, 5, 13, 20, 13, 19, 13, 19, 16, 6, 10, 16, 16, 17, 12, 22, 7, 4, 12, 22, 4, 15, 13, 17, 13, 16, 15, 17, 11, 16, 14, 15, 14, 16, 14, 15, 23, 14]

Histogram Distribution : 
       Value     Percentile TotalCount 1/(1-Percentile)

       3.000 0.000000000000          8           1.00
       6.000 0.100000000000         52           1.11
      12.000 0.200000000000        108           1.25
      13.000 0.300000000000        159           1.43
      14.000 0.400000000000        204           1.67
      15.000 0.500000000000        256           2.00
      16.000 0.550000000000        326           2.22
      16.000 0.600000000000        326           2.50
      16.000 0.650000000000        326           2.86
      17.000 0.700000000000        360           3.33
      18.000 0.750000000000        390           4.00
      18.000 0.775000000000        390           4.44
      19.000 0.800000000000        412           5.00
      20.000 0.825000000000        425           5.71
      20.000 0.850000000000        425           6.67
      21.000 0.875000000000        439           8.00
      22.000 0.887500000000        451           8.89
      22.000 0.900000000000        451          10.00
      23.000 0.912500000000        457          11.43
      24.000 0.925000000000        466          13.33
      25.000 0.937500000000        475          16.00
      25.000 0.943750000000        475          17.78
      25.000 0.950000000000        475          20.00
      26.000 0.956250000000        480          22.86
      27.000 0.962500000000        483          26.67
      28.000 0.968750000000        486          32.00
      28.000 0.971875000000        486          35.56
      29.000 0.975000000000        488          40.00
      32.000 0.978125000000        492          45.71
      32.000 0.981250000000        492          53.33
      35.000 0.984375000000        493          64.00
      35.000 0.985937500000        493          71.11
      36.000 0.987500000000        495          80.00
      36.000 0.989062500000        495          91.43
      40.000 0.990625000000        496         106.67
      41.000 0.992187500000        497         128.00
      41.000 0.992968750000        497         142.22
      41.000 0.993750000000        497         160.00
      42.000 0.994531250000        498         182.86
      42.000 0.995312500000        498         213.33
      55.000 0.996093750000        499         256.00
      55.000 0.996484375000        499         284.44
      55.000 0.996875000000        499         320.00
      55.000 0.997265625000        499         365.71
      55.000 0.997656250000        499         426.67
      64.000 0.998046875000        500         512.00
      64.000 1.000000000000        500
#[Mean    =       15.516, StdDeviation   =        6.639]
#[Max     =       64.000, Total count    =          500]
#[Buckets =           20, SubBuckets     =         2048]

50th Percentile : 
15
90th Percentile : 
22
95th Percentile : 
25
99th Percentile : 
36
99.9th Percentile : 
64
99.99th Percentile : 
64
99.999th Percentile : 
64
