Recorded latencies [in milli seconds]:
Workload Type : workload_E
Request/ Invocation/ DB Operation Type : DB_deleteCourseById
Recorded completion times :
[42, 76, 65, 118, 679, 106, 80, 39, 60, 48, 48, 48, 37, 38, 80, 45, 49, 35, 42, 34, 35, 35, 37, 28, 30, 49, 40, 39, 46, 32, 35, 46, 44, 45, 47, 60, 46, 42, 77, 45, 42, 44, 48, 48, 42, 50, 33, 37, 29, 28, 34, 37, 60, 34, 32, 37, 29, 34, 34, 32, 39, 86, 36, 35, 29, 34, 49, 35, 38, 43, 49, 45, 50, 47, 47, 61, 42, 42, 42, 42, 47, 40, 30, 34, 36, 38, 35, 45, 31, 94, 37, 41, 34, 41, 37, 32, 46, 38, 32, 48, 28, 28, 43, 32, 28, 37, 31, 40, 42, 50, 47, 64, 44, 40, 51, 46, 48, 35, 44, 29, 44, 29, 32, 31, 36, 30, 50, 53, 30, 39, 41, 39, 34, 49, 28, 44, 35, 30, 51, 59, 40, 47, 31, 43, 47, 41, 42, 61, 48, 50, 47, 46, 50, 36, 40, 36, 38, 34, 37, 29, 36, 39, 29, 28, 52, 52, 29, 37, 38, 29, 44, 32, 35, 49, 32, 31, 42, 31, 30, 43, 52, 41, 44, 43, 43, 56, 49, 105, 65, 72, 49, 34, 38, 28, 30, 32, 31, 42, 29, 82, 80, 37, 34, 51, 30, 34, 69, 191, 214, 38, 38, 50, 44, 49, 40, 137, 59, 62, 54, 41, 51, 50, 49, 47, 47, 52, 42, 43, 52, 93, 37, 136, 37, 35, 39, 37, 65, 44, 33, 60, 42, 38, 30, 50, 37, 39, 113, 40, 43, 60, 81, 40, 55, 48, 41, 63, 48, 41, 43, 40, 45, 49, 63, 39, 43, 34, 71, 33, 33, 36, 46, 39, 33, 35, 28, 58, 40, 37, 31, 35, 34, 32, 53, 39, 43, 55, 47, 49, 65, 45, 51, 47, 44, 42, 67, 45, 41, 45, 47, 44, 60, 143, 30, 29, 38, 35, 29, 33, 37, 36, 33, 48, 28, 38, 33, 32, 35, 114, 50, 51, 43, 47, 44, 125, 39, 70, 49, 74, 51, 51, 33, 34, 50, 31, 28, 46, 32, 49, 40, 35, 37, 43, 37, 31, 37, 32, 39, 51, 40, 35, 55, 45, 48, 55, 65, 45, 59, 41, 45, 54, 45, 47, 265, 41, 31, 45, 37, 79, 37, 31, 30, 38, 38, 44, 35, 30, 40, 42, 38, 36, 76, 69, 48, 42, 49, 40, 116, 56, 55, 126, 95, 94, 106, 252, 238, 76, 190, 127, 97, 107, 113, 134, 86, 90, 70, 373, 166, 117, 125, 57, 84, 90, 61, 79, 77, 291, 118, 60, 85, 90, 48, 70, 68, 66, 53, 51, 182, 73, 87, 249, 570, 589, 431, 374, 125, 76, 81, 200, 510, 666, 252, 284, 256, 118, 95, 88, 60, 78, 74, 165, 467, 37, 106, 51, 44, 60, 478, 579, 52, 51, 142, 60, 41, 40, 43, 49, 47, 42, 57, 42, 37, 38, 28, 42, 48, 64, 33, 38, 37]

Histogram Distribution : 
       Value     Percentile TotalCount 1/(1-Percentile)

      28.000 0.000000000000         12           1.00
      31.000 0.100000000000         48           1.11
      35.000 0.200000000000        106           1.25
      38.000 0.300000000000        157           1.43
      41.000 0.400000000000        198           1.67
      44.000 0.500000000000        248           2.00
      46.000 0.550000000000        270           2.22
      48.000 0.600000000000        301           2.50
      49.000 0.650000000000        317           2.86
      51.000 0.700000000000        340           3.33
      57.000 0.750000000000        360           4.00
      60.000 0.775000000000        374           4.44
      65.000 0.800000000000        387           5.00
      71.000 0.825000000000        396           5.71
      79.000 0.850000000000        409           6.67
      87.000 0.875000000000        420           8.00
      94.000 0.887500000000        427           8.89
     106.000 0.900000000000        434          10.00
     114.000 0.912500000000        438          11.43
     125.000 0.925000000000        446          13.33
     136.000 0.937500000000        450          16.00
     143.000 0.943750000000        453          17.78
     182.000 0.950000000000        456          20.00
     200.000 0.956250000000        459          22.86
     249.000 0.962500000000        462          26.67
     256.000 0.968750000000        465          32.00
     265.000 0.971875000000        466          35.56
     291.000 0.975000000000        468          40.00
     373.000 0.978125000000        469          45.71
     431.000 0.981250000000        471          53.33
     467.000 0.984375000000        472          64.00
     478.000 0.985937500000        473          71.11
     510.000 0.987500000000        474          80.00
     510.000 0.989062500000        474          91.43
     570.000 0.990625000000        475         106.67
     579.000 0.992187500000        476         128.00
     579.000 0.992968750000        476         142.22
     589.000 0.993750000000        477         160.00
     589.000 0.994531250000        477         182.86
     589.000 0.995312500000        477         213.33
     666.000 0.996093750000        478         256.00
     666.000 0.996484375000        478         284.44
     666.000 0.996875000000        478         320.00
     666.000 0.997265625000        478         365.71
     666.000 0.997656250000        478         426.67
     679.000 0.998046875000        479         512.00
     679.000 1.000000000000        479
#[Mean    =       65.833, StdDeviation   =       80.785]
#[Max     =      679.000, Total count    =          479]
#[Buckets =           20, SubBuckets     =         2048]

50th Percentile : 
44
90th Percentile : 
106
95th Percentile : 
182
99th Percentile : 
570
99.9th Percentile : 
679
99.99th Percentile : 
679
99.999th Percentile : 
679
