Recorded latencies [in milli seconds]:
Workload Type : workload_A
Request/ Invocation/ DB Operation Type : HTTP_load_form
Recorded completion times :
[1376, 30, 28, 36, 42, 42, 28, 37, 31, 49, 37, 28, 36, 24, 35, 16, 36, 26, 11, 20, 27, 42, 23, 27, 33, 49, 22, 21, 19, 19, 4, 23, 18, 20, 19, 20, 18, 17, 11, 16, 4, 21, 12, 9, 12, 20, 15, 31, 5, 16, 5, 25, 4, 17, 15, 4, 3, 4, 13, 21, 13, 24, 20, 27, 11, 10, 15, 13, 16, 8, 14, 15, 7, 18, 14, 12, 15, 20, 13, 13, 5, 20, 18, 3, 13, 15, 16, 8, 15, 14, 16, 13, 27, 5, 5, 13, 5, 4, 4, 10, 15, 13, 14, 15, 13, 16, 12, 14, 21, 16, 12, 12, 12, 9, 13, 16, 11, 15, 12, 7, 13, 15, 17, 15, 16, 13, 16, 16, 13, 5, 2, 3, 9, 13, 12, 9, 12, 14, 18, 15, 10, 3, 17, 17, 14, 14, 10, 11, 15, 17, 14, 14, 11, 14, 11, 12, 11, 13, 15, 13, 15, 4, 10, 9, 14, 14, 19, 14, 13, 11, 13, 17, 4, 10, 14, 13, 13, 13, 13, 13, 12, 11, 13, 11, 12, 12, 19, 4, 6, 13, 14, 18, 4, 3, 3, 3, 10, 3, 3, 3, 10, 17, 11, 12, 3, 9, 17, 5, 5, 8, 17, 12, 12, 14, 3, 9, 11, 15, 12, 15, 13, 11, 14, 13, 12, 9, 9, 3, 3, 15, 9, 11, 11, 11, 9, 11, 9, 11, 9, 12, 10, 10, 12, 11, 10, 10, 9, 10, 10, 11, 11, 13, 7, 11, 3, 13, 4, 2, 9, 10, 12, 10, 11, 11, 8, 6, 12, 10, 15, 3, 4, 12, 11, 11, 10, 12, 10, 13, 13, 18, 6, 13, 11, 12, 12, 11, 10, 10, 10, 9, 12, 10, 8, 11, 10, 10, 16, 3, 12, 13, 15, 10, 9, 9, 9, 15, 11, 9, 10, 11, 4, 6, 3, 3, 3, 8, 9, 4, 3, 3, 5, 3, 3, 7, 4, 16, 11, 3, 16, 10, 9, 11, 10, 11, 10, 12, 9, 10, 3, 4, 7, 10, 3, 11, 13, 10, 8, 5, 9, 9, 10, 8, 13, 8, 11, 10, 9, 8, 10, 9, 17, 4, 2, 12, 11, 4, 2, 9, 9, 9, 4, 3, 3, 3, 3, 4, 8, 4, 15, 5, 6, 8, 10, 18, 10, 9, 9, 8, 7, 7, 11, 12, 4, 10, 8, 7, 8, 9, 7, 9, 9, 10, 9, 8, 10, 7, 9, 9, 3, 8, 8, 10, 7, 10, 5, 9, 26, 11, 11, 9, 13, 11, 8, 9, 7, 8, 10, 11, 13, 10, 9, 9, 9, 9, 3, 9, 7, 7, 7, 10, 3, 4, 4, 10, 9, 7, 10, 3, 4, 4, 5, 4, 4, 4, 4, 4, 4, 4, 9, 3, 4, 3, 6, 4, 35, 4, 4, 4, 3, 5, 2, 3, 6, 6, 6, 5, 3, 2, 3, 2, 3, 6, 8, 6, 6, 6, 6, 7, 6, 6, 8, 7, 6, 8, 8, 6, 7, 7, 10, 6]

Histogram Distribution : 
       Value     Percentile TotalCount 1/(1-Percentile)

       2.000 0.000000000000          7           1.00
       4.000 0.100000000000         88           1.11
       5.000 0.200000000000        104           1.25
       8.000 0.300000000000        167           1.43
       9.000 0.400000000000        215           1.67
      10.000 0.500000000000        264           2.00
      11.000 0.550000000000        307           2.22
      11.000 0.600000000000        307           2.50
      12.000 0.650000000000        339           2.86
      13.000 0.700000000000        377           3.33
      13.000 0.750000000000        377           4.00
      14.000 0.775000000000        395           4.44
      15.000 0.800000000000        418           5.00
      15.000 0.825000000000        418           5.71
      16.000 0.850000000000        433           6.67
      17.000 0.875000000000        444           8.00
      17.000 0.887500000000        444           8.89
      18.000 0.900000000000        452          10.00
      19.000 0.912500000000        457          11.43
      20.000 0.925000000000        464          13.33
      22.000 0.937500000000        469          16.00
      24.000 0.943750000000        473          17.78
      26.000 0.950000000000        476          20.00
      27.000 0.956250000000        480          22.86
      28.000 0.962500000000        483          26.67
      31.000 0.968750000000        486          32.00
      31.000 0.971875000000        486          35.56
      35.000 0.975000000000        489          40.00
      36.000 0.978125000000        492          45.71
      36.000 0.981250000000        492          53.33
      37.000 0.984375000000        494          64.00
      37.000 0.985937500000        494          71.11
      37.000 0.987500000000        494          80.00
      42.000 0.989062500000        497          91.43
      42.000 0.990625000000        497         106.67
      42.000 0.992187500000        497         128.00
      42.000 0.992968750000        497         142.22
      42.000 0.993750000000        497         160.00
      49.000 0.994531250000        499         182.86
      49.000 0.995312500000        499         213.33
      49.000 0.996093750000        499         256.00
      49.000 0.996484375000        499         284.44
      49.000 0.996875000000        499         320.00
      49.000 0.997265625000        499         365.71
      49.000 0.997656250000        499         426.67
    1376.000 0.998046875000        500         512.00
    1376.000 1.000000000000        500
#[Mean    =       13.888, StdDeviation   =       61.389]
#[Max     =     1376.000, Total count    =          500]
#[Buckets =           20, SubBuckets     =         2048]

50th Percentile : 
10
90th Percentile : 
18
95th Percentile : 
26
99th Percentile : 
42
99.9th Percentile : 
1376
99.99th Percentile : 
1376
99.999th Percentile : 
1376
