Recorded latencies [in milli seconds]:
Workload Type : workload_E
Request/ Invocation/ DB Operation Type : DB_deleteCourseById
Recorded completion times :
[305, 134, 355, 559, 282, 80, 71, 62, 92, 203, 100, 74, 81, 96, 76, 79, 192, 116, 93, 131, 161, 93, 346, 130, 132, 129, 62, 87, 85, 156, 94, 85, 106, 66, 117, 70, 95, 157, 172, 123, 110, 110, 58, 211, 73, 114, 87, 143, 67, 66, 100, 169, 134, 59, 73, 104, 44, 72, 63, 40, 215, 110, 147, 44, 112, 84, 88, 59, 35, 57, 84, 40, 82, 51, 31, 86, 38, 90, 175, 41, 72, 56, 47, 149, 54, 103, 40, 31, 93, 229, 97, 48, 34, 29, 39, 43, 59, 42, 42, 49, 52, 76, 43, 51, 44, 49, 38, 49, 43, 41, 50, 62, 47, 35, 31, 31, 35, 35, 39, 36, 40, 28, 51, 36, 30, 41, 44, 34, 31, 35, 42, 47, 127, 49, 52, 51, 39, 46, 40, 46, 41, 59, 48, 136, 49, 51, 40, 29, 38, 33, 33, 32, 32, 39, 39, 38, 63, 122, 38, 29, 37, 30, 41, 33, 37, 46, 46, 45, 42, 48, 92, 64, 44, 49, 133, 40, 43, 49, 34, 36, 32, 45, 32, 29, 33, 32, 40, 40, 34, 33, 40, 28, 30, 47, 34, 35, 34, 33, 36, 49, 63, 40, 49, 43, 44, 150, 45, 45, 95, 48, 40, 40, 43, 29, 169, 72, 51, 59, 62, 99, 65, 101, 78, 173, 64, 46, 32, 33, 31, 35, 33, 32, 49, 39, 45, 134, 48, 44, 47, 46, 42, 52, 30, 46, 45, 33, 32, 115, 29, 32, 45, 29, 39, 38, 33, 31, 124, 39, 36, 35, 28, 36, 39, 36, 29, 126, 34, 36, 48, 44, 48, 54, 48, 43, 46, 49, 40, 40, 37, 36, 40, 34, 77, 41, 47, 59, 45, 36, 34, 41, 30, 32, 49, 319, 416, 38, 28, 28, 142, 42, 43, 109, 41, 45, 40, 71, 68, 41, 36, 29, 116, 32, 35, 45, 39, 36, 127, 49, 33, 43, 35, 28, 42, 31, 37, 46, 33, 32, 38, 39, 46, 71, 49, 45, 49, 35, 42, 137, 114, 94, 134, 125, 172, 92, 180, 106, 67, 78, 184, 85, 94, 182, 41, 42, 42, 42, 40, 65, 95, 92, 81, 91, 89, 97, 130, 262, 106, 96, 103, 79, 64, 91, 60, 303, 100, 183, 125, 103, 273, 206, 95, 78, 129, 92, 298, 243, 331, 117, 168, 106, 140, 136, 188, 290, 207, 270, 767, 314, 474, 197, 120, 100, 277, 103, 45, 49, 100, 36, 32, 40, 51, 43, 43, 42, 124, 77, 46, 54, 51, 53, 50, 41, 50, 46, 53, 49, 141, 51, 30, 33, 30, 31, 41, 37, 35, 33, 33, 34, 62, 47, 49, 57, 111, 46, 49, 41, 47, 43, 43, 39, 50, 41, 89, 45, 48, 45, 48, 42, 49, 58, 36, 48, 38, 38, 32, 34, 38, 34, 31, 38, 35, 38, 32, 40, 33, 36, 33, 30, 31, 45, 43, 115, 49, 91, 47, 51, 46, 46]

Histogram Distribution : 
       Value     Percentile TotalCount 1/(1-Percentile)

      28.000 0.000000000000          6           1.00
      32.000 0.100000000000         49           1.11
      36.000 0.200000000000        106           1.25
      40.000 0.300000000000        156           1.43
      43.000 0.400000000000        197           1.67
      47.000 0.500000000000        244           2.00
      49.000 0.550000000000        276           2.22
      52.000 0.600000000000        293           2.50
      63.000 0.650000000000        318           2.86
      77.000 0.700000000000        342           3.33
      91.000 0.750000000000        366           4.00
      95.000 0.775000000000        381           4.44
     100.000 0.800000000000        391           5.00
     110.000 0.825000000000        405           5.71
     117.000 0.850000000000        415           6.67
     129.000 0.875000000000        427           8.00
     134.000 0.887500000000        436           8.89
     140.000 0.900000000000        440          10.00
     150.000 0.912500000000        446          11.43
     169.000 0.925000000000        452          13.33
     182.000 0.937500000000        458          16.00
     188.000 0.943750000000        461          17.78
     203.000 0.950000000000        464          20.00
     211.000 0.956250000000        467          22.86
     243.000 0.962500000000        470          26.67
     273.000 0.968750000000        473          32.00
     282.000 0.971875000000        475          35.56
     290.000 0.975000000000        476          40.00
     303.000 0.978125000000        478          45.71
     305.000 0.981250000000        479          53.33
     319.000 0.984375000000        481          64.00
     331.000 0.985937500000        482          71.11
     331.000 0.987500000000        482          80.00
     346.000 0.989062500000        483          91.43
     355.000 0.990625000000        484         106.67
     416.000 0.992187500000        485         128.00
     416.000 0.992968750000        485         142.22
     416.000 0.993750000000        485         160.00
     474.000 0.994531250000        486         182.86
     474.000 0.995312500000        486         213.33
     559.000 0.996093750000        487         256.00
     559.000 0.996484375000        487         284.44
     559.000 0.996875000000        487         320.00
     559.000 0.997265625000        487         365.71
     559.000 0.997656250000        487         426.67
     767.000 0.998046875000        488         512.00
     767.000 1.000000000000        488
#[Mean    =       75.660, StdDeviation   =       72.462]
#[Max     =      767.000, Total count    =          488]
#[Buckets =           20, SubBuckets     =         2048]

50th Percentile : 
47
90th Percentile : 
140
95th Percentile : 
203
99th Percentile : 
355
99.9th Percentile : 
767
99.99th Percentile : 
767
99.999th Percentile : 
767
