Recorded latencies [in milli seconds]:
Workload Type : workload_F
Request/ Invocation/ DB Operation Type : SL_saveCourse
Recorded completion times :
[147, 53, 99, 42, 82, 63, 46, 100, 52, 54, 107, 49, 57, 95, 40, 77, 98, 62, 44, 61, 55, 89, 50, 52, 90, 69, 55, 97, 62, 47, 66, 57, 56, 97, 58, 37, 106, 61, 84, 61, 48, 52, 48, 97, 60, 60, 76, 99, 64, 56, 104, 64, 66, 58, 121, 63, 64, 116, 87, 40, 47, 85, 72, 45, 83, 34, 41, 91, 65, 51, 53, 88, 61, 51, 96, 53, 46, 87, 62, 56, 106, 44, 52, 62, 92, 74, 63, 61, 61, 104, 69, 56, 68, 98, 41, 66, 107, 84, 55, 114, 63, 52, 93, 82, 58, 97, 53, 46, 92, 65, 47, 95, 58, 45, 133, 65, 45, 50, 64, 103, 76, 71, 70, 104, 73, 60, 103, 145, 62, 46, 91, 70, 64, 96, 108, 55, 92, 53, 50, 98, 63, 54, 91, 51, 49, 84, 65, 49, 90, 52, 46, 83, 56, 50, 96, 66, 65, 82, 96, 57, 76, 79, 105, 69, 56, 108, 53, 53, 115, 59, 58, 66, 94, 73, 43, 139, 73, 44, 88, 59, 46, 86, 61, 62, 66, 100, 67, 37, 85, 60, 60, 103, 85, 60, 64, 98, 52, 67, 104, 65, 66, 105, 62, 64, 106, 72, 65, 93, 69, 55, 90, 69, 47, 95, 60, 52, 151, 110, 51, 96, 62, 53, 84, 55, 54, 89, 61, 51, 83, 96, 56, 98, 76, 60, 105, 63, 60, 98, 65, 62, 105, 78, 63, 102, 79, 61, 83, 51, 52, 96, 67, 53, 95, 65, 48, 113, 65, 51, 54, 91, 49, 59, 96, 61, 55, 84, 63, 54, 101, 76, 56, 106, 60, 58, 132, 64, 60, 106, 72, 64, 126, 68, 65, 111, 57, 68, 305, 120, 62, 43, 90, 60, 40, 88, 65, 44, 40, 84, 59, 58, 92, 65, 42, 86, 67, 49, 99, 75, 49, 100, 75, 66, 97, 149, 72, 105, 73, 62, 86, 55, 45, 102, 62, 44, 93, 47, 52, 84, 84, 56, 88, 51, 41, 94, 49, 49, 98, 130, 52, 88, 63, 45, 89, 137, 55, 102, 64, 63, 108, 74, 59, 63, 98, 63, 58, 99, 63, 45, 88, 62, 52, 100, 61, 51, 101, 106, 51, 110, 66, 38, 43, 88, 73, 89, 43, 88, 66, 59, 83, 65, 60, 92, 44, 52, 81, 35, 54, 193, 191, 210, 130, 105, 82, 120, 115, 360, 250, 101, 85, 175, 96, 96, 160, 75, 100, 251, 90, 106, 174, 104, 120, 134, 79, 70, 134, 82, 79, 119, 101, 67, 135, 109, 97, 103, 82, 116, 79, 143, 110, 76, 127, 96, 95, 150, 352, 233, 797, 281, 272, 490, 451, 355, 328, 142, 131, 275, 186, 164, 133, 208, 115, 101, 103, 51, 56, 94, 54, 46, 83, 52, 52, 82, 51, 51, 81, 55, 65, 102, 49, 77, 89, 65, 67, 135, 52, 59, 153, 85, 124, 415, 197, 89, 241, 173, 64, 54, 46, 49, 58, 243, 110, 49, 55, 53, 41, 49, 49, 46, 55, 54]

Histogram Distribution : 
       Value     Percentile TotalCount 1/(1-Percentile)

      34.000 0.000000000000          1           1.00
      49.000 0.100000000000         61           1.11
      53.000 0.200000000000        104           1.25
      59.000 0.300000000000        155           1.43
      63.000 0.400000000000        205           1.67
      68.000 0.500000000000        251           2.00
      76.000 0.550000000000        280           2.22
      83.000 0.600000000000        303           2.50
      88.000 0.650000000000        329           2.86
      93.000 0.700000000000        352           3.33
      97.000 0.750000000000        377           4.00
      99.000 0.775000000000        389           4.44
     102.000 0.800000000000        403           5.00
     104.000 0.825000000000        413           5.71
     106.000 0.850000000000        426           6.67
     113.000 0.875000000000        438           8.00
     116.000 0.887500000000        444           8.89
     124.000 0.900000000000        450          10.00
     133.000 0.912500000000        458          11.43
     137.000 0.925000000000        463          13.33
     149.000 0.937500000000        469          16.00
     153.000 0.943750000000        472          17.78
     173.000 0.950000000000        475          20.00
     191.000 0.956250000000        479          22.86
     208.000 0.962500000000        482          26.67
     241.000 0.968750000000        485          32.00
     243.000 0.971875000000        486          35.56
     251.000 0.975000000000        488          40.00
     275.000 0.978125000000        490          45.71
     281.000 0.981250000000        491          53.33
     328.000 0.984375000000        493          64.00
     328.000 0.985937500000        493          71.11
     352.000 0.987500000000        494          80.00
     355.000 0.989062500000        495          91.43
     360.000 0.990625000000        496         106.67
     415.000 0.992187500000        497         128.00
     415.000 0.992968750000        497         142.22
     415.000 0.993750000000        497         160.00
     451.000 0.994531250000        498         182.86
     451.000 0.995312500000        498         213.33
     490.000 0.996093750000        499         256.00
     490.000 0.996484375000        499         284.44
     490.000 0.996875000000        499         320.00
     490.000 0.997265625000        499         365.71
     490.000 0.997656250000        499         426.67
     797.000 0.998046875000        500         512.00
     797.000 1.000000000000        500
#[Mean    =       86.562, StdDeviation   =       62.121]
#[Max     =      797.000, Total count    =          500]
#[Buckets =           20, SubBuckets     =         2048]

50th Percentile : 
68
90th Percentile : 
124
95th Percentile : 
173
99th Percentile : 
355
99.9th Percentile : 
797
99.99th Percentile : 
797
99.999th Percentile : 
797
