Recorded latencies [in milli seconds]:
Workload Type : workload_D
Request/ Invocation/ DB Operation Type : HTTP_create
Recorded completion times :
[581, 414, 100, 68, 69, 62, 179, 85, 73, 85, 84, 60, 152, 82, 66, 161, 85, 64, 67, 52, 69, 73, 58, 58, 50, 104, 120, 176, 102, 73, 60, 77, 69, 69, 100, 66, 100, 91, 52, 66, 79, 66, 59, 55, 94, 89, 61, 47, 50, 93, 59, 43, 86, 47, 41, 55, 98, 68, 80, 62, 78, 100, 61, 52, 61, 74, 57, 112, 94, 67, 58, 43, 57, 96, 64, 59, 100, 52, 40, 40, 115, 65, 70, 76, 149, 77, 46, 42, 36, 110, 81, 64, 70, 84, 74, 85, 55, 56, 83, 61, 53, 71, 44, 51, 87, 137, 58, 60, 66, 65, 51, 39, 48, 56, 46, 67, 42, 84, 61, 58, 63, 58, 75, 79, 59, 61, 75, 60, 65, 62, 49, 40, 37, 60, 84, 61, 85, 47, 74, 47, 147, 52, 40, 60, 52, 37, 61, 58, 62, 66, 62, 64, 62, 65, 49, 155, 108, 65, 39, 58, 72, 50, 38, 86, 64, 48, 73, 76, 53, 44, 62, 60, 50, 88, 118, 94, 78, 78, 98, 85, 74, 89, 51, 85, 401, 556, 109, 55, 97, 48, 53, 62, 63, 72, 80, 54, 66, 92, 63, 97, 77, 126, 94, 66, 49, 91, 91, 77, 120, 80, 170, 46, 65, 67, 108, 103, 102, 155, 118, 99, 154, 69, 67, 78, 56, 112, 48, 53, 65, 52, 44, 135, 54, 43, 91, 42, 51, 42, 36, 93, 66, 64, 56, 113, 81, 154, 67, 38, 94, 63, 69, 60, 156, 137, 119, 143, 381, 716, 88, 102, 145, 175, 80, 104, 123, 112, 161, 107, 93, 116, 163, 160, 133, 99, 80, 294, 138, 103, 83, 95, 124, 109, 68, 79, 271, 101, 81, 101, 81, 100, 116, 125, 214, 436, 157, 126, 264, 399, 310, 381, 707, 303, 360, 489, 507, 375, 478, 423, 344, 404, 746, 574, 305, 257, 455, 243, 422, 364, 316, 462, 345, 501, 112, 120, 166, 230, 51, 48, 50, 48, 35, 41, 180, 72, 57, 37, 43, 53, 164, 46, 53, 45, 66, 65, 70, 105, 62, 51, 42, 82, 143, 44, 42, 39, 47, 37, 39, 42, 34, 89, 55, 48, 51, 57, 57, 54, 105, 59, 51, 67, 75, 51, 42, 50, 50, 38, 38, 50, 43, 63, 42, 37, 46, 117, 55, 50, 55, 50, 47, 53, 59, 55, 54, 44, 34, 42, 54, 43, 47, 42, 53, 44, 39, 44, 57, 44, 44, 52, 55, 40, 54, 43, 37, 57, 58, 45, 47, 47, 35, 38, 39, 40, 95, 49, 46, 53, 62, 49, 54, 57, 57, 50, 60, 54, 51, 57, 66, 51, 45, 52, 58, 162, 46, 45, 42, 52, 58, 86, 46, 59, 37, 71, 49, 64, 62, 60, 71, 53, 48, 48, 68, 61, 55, 54, 40, 52, 50, 56, 57, 38, 41, 57, 83, 58, 59, 40, 43, 61, 47, 49, 54, 51, 53, 61, 41, 42, 68, 50, 35, 38, 43, 49, 41, 53, 52, 41, 45, 58, 53, 35]

Histogram Distribution : 
       Value     Percentile TotalCount 1/(1-Percentile)

      34.000 0.000000000000          2           1.00
      42.000 0.100000000000         55           1.11
      48.000 0.200000000000        105           1.25
      52.000 0.300000000000        150           1.43
      57.000 0.400000000000        200           1.67
      62.000 0.500000000000        253           2.00
      66.000 0.550000000000        284           2.22
      69.000 0.600000000000        302           2.50
      77.000 0.650000000000        328           2.86
      84.000 0.700000000000        353           3.33
      93.000 0.750000000000        377           4.00
      98.000 0.775000000000        389           4.44
     102.000 0.800000000000        402           5.00
     109.000 0.825000000000        413           5.71
     118.000 0.850000000000        425           6.67
     137.000 0.875000000000        438           8.00
     149.000 0.887500000000        444           8.89
     156.000 0.900000000000        450          10.00
     164.000 0.912500000000        457          11.43
     180.000 0.925000000000        463          13.33
     271.000 0.937500000000        469          16.00
     305.000 0.943750000000        472          17.78
     344.000 0.950000000000        475          20.00
     375.000 0.956250000000        479          22.86
     399.000 0.962500000000        482          26.67
     414.000 0.968750000000        485          32.00
     422.000 0.971875000000        486          35.56
     436.000 0.975000000000        488          40.00
     462.000 0.978125000000        490          45.71
     478.000 0.981250000000        491          53.33
     501.000 0.984375000000        493          64.00
     501.000 0.985937500000        493          71.11
     507.000 0.987500000000        494          80.00
     556.000 0.989062500000        495          91.43
     574.000 0.990625000000        496         106.67
     581.000 0.992187500000        497         128.00
     581.000 0.992968750000        497         142.22
     581.000 0.993750000000        497         160.00
     707.000 0.994531250000        498         182.86
     707.000 0.995312500000        498         213.33
     716.000 0.996093750000        499         256.00
     716.000 0.996484375000        499         284.44
     716.000 0.996875000000        499         320.00
     716.000 0.997265625000        499         365.71
     716.000 0.997656250000        499         426.67
     746.000 0.998046875000        500         512.00
     746.000 1.000000000000        500
#[Mean    =       95.478, StdDeviation   =      100.609]
#[Max     =      746.000, Total count    =          500]
#[Buckets =           20, SubBuckets     =         2048]

50th Percentile : 
62
90th Percentile : 
156
95th Percentile : 
344
99th Percentile : 
556
99.9th Percentile : 
746
99.99th Percentile : 
746
99.999th Percentile : 
746
