Recorded latencies [in milli seconds]:
Workload Type : workload_D
Request/ Invocation/ DB Operation Type : HTTP_retrieve
Recorded completion times :
[60, 35, 72, 48, 26, 64, 72, 48, 57, 62, 76, 36, 73, 49, 30, 95, 45, 32, 27, 64, 40, 56, 20, 19, 28, 88, 70, 72, 53, 47, 48, 49, 26, 56, 27, 109, 72, 76, 30, 102, 23, 21, 27, 57, 21, 16, 17, 24, 24, 20, 23, 14, 14, 22, 55, 19, 58, 72, 71, 112, 59, 107, 15, 24, 77, 24, 26, 52, 90, 20, 18, 50, 23, 44, 44, 144, 130, 15, 16, 27, 55, 107, 81, 72, 82, 56, 15, 18, 19, 114, 31, 73, 60, 115, 87, 26, 20, 24, 27, 68, 41, 19, 26, 20, 17, 64, 107, 58, 89, 70, 46, 30, 71, 63, 33, 46, 90, 76, 32, 41, 61, 106, 70, 76, 32, 80, 39, 80, 78, 47, 45, 30, 118, 19, 86, 84, 85, 106, 69, 47, 77, 30, 109, 119, 30, 39, 73, 74, 31, 91, 120, 38, 69, 30, 36, 59, 78, 38, 78, 36, 62, 18, 27, 89, 78, 65, 72, 83, 26, 89, 97, 60, 28, 84, 96, 85, 129, 53, 69, 134, 72, 97, 39, 54, 49, 65, 45, 26, 96, 27, 28, 43, 82, 104, 35, 33, 28, 78, 243, 30, 74, 94, 76, 104, 26, 52, 110, 129, 116, 88, 113, 58, 27, 104, 121, 96, 39, 65, 93, 129, 113, 68, 119, 30, 37, 162, 37, 110, 32, 105, 38, 140, 34, 32, 36, 30, 33, 31, 133, 113, 98, 30, 75, 119, 148, 93, 29, 26, 81, 53, 59, 92, 89, 99, 31, 80, 112, 302, 119, 103, 122, 105, 43, 35, 82, 101, 108, 107, 111, 103, 39, 37, 125, 124, 106, 115, 103, 106, 96, 66, 105, 105, 77, 101, 109, 118, 107, 94, 83, 112, 112, 37, 122, 107, 120, 135, 110, 127, 147, 74, 82, 275, 116, 134, 147, 129, 152, 108, 110, 137, 149, 109, 242, 74, 113, 96, 126, 131, 130, 133, 129, 66, 83, 109, 121, 134, 91, 44, 104, 32, 38, 36, 98, 124, 30, 35, 36, 45, 90, 38, 53, 95, 112, 121, 80, 30, 111, 36, 30, 127, 96, 37, 38, 121, 41, 39, 37, 32, 76, 70, 41, 38, 38, 108, 54, 75, 182, 39, 39, 116, 109, 90, 45, 110, 40, 40, 107, 39, 113, 36, 31, 36, 140, 139, 39, 36, 37, 42, 39, 50, 46, 49, 108, 33, 32, 105, 40, 82, 48, 69, 45, 39, 36, 41, 36, 43, 44, 38, 122, 102, 57, 41, 43, 42, 45, 41, 86, 43, 41, 39, 38, 50, 62, 42, 58, 97, 38, 38, 71, 35, 37, 53, 146, 38, 43, 45, 116, 44, 42, 121, 120, 100, 44, 49, 50, 143, 115, 105, 53, 40, 45, 113, 47, 49, 45, 87, 142, 95, 52, 57, 44, 105, 46, 49, 53, 125, 111, 43, 40, 49, 48, 132, 46, 42, 40, 89, 55, 79, 51, 69, 49, 48, 43, 122, 85, 99, 145, 43, 40, 58, 51, 148, 47, 49, 48, 89, 43, 46, 42, 50]

Histogram Distribution : 
       Value     Percentile TotalCount 1/(1-Percentile)

      14.000 0.000000000000          2           1.00
      27.000 0.100000000000         50           1.11
      36.000 0.200000000000        104           1.25
      41.000 0.300000000000        154           1.43
      48.000 0.400000000000        205           1.67
      59.000 0.500000000000        252           2.00
      69.000 0.550000000000        275           2.22
      76.000 0.600000000000        305           2.50
      82.000 0.650000000000        325           2.86
      91.000 0.700000000000        351           3.33
     101.000 0.750000000000        375           4.00
     105.000 0.775000000000        391           4.44
     107.000 0.800000000000        402           5.00
     110.000 0.825000000000        417           5.71
     112.000 0.850000000000        425           6.67
     116.000 0.875000000000        439           8.00
     119.000 0.887500000000        445           8.89
     121.000 0.900000000000        453          10.00
     122.000 0.912500000000        457          11.43
     127.000 0.925000000000        464          13.33
     129.000 0.937500000000        469          16.00
     131.000 0.943750000000        472          17.78
     133.000 0.950000000000        475          20.00
     135.000 0.956250000000        479          22.86
     140.000 0.962500000000        483          26.67
     143.000 0.968750000000        485          32.00
     144.000 0.971875000000        486          35.56
     146.000 0.975000000000        488          40.00
     147.000 0.978125000000        490          45.71
     148.000 0.981250000000        492          53.33
     149.000 0.984375000000        493          64.00
     149.000 0.985937500000        493          71.11
     152.000 0.987500000000        494          80.00
     162.000 0.989062500000        495          91.43
     182.000 0.990625000000        496         106.67
     242.000 0.992187500000        497         128.00
     242.000 0.992968750000        497         142.22
     242.000 0.993750000000        497         160.00
     243.000 0.994531250000        498         182.86
     243.000 0.995312500000        498         213.33
     275.000 0.996093750000        499         256.00
     275.000 0.996484375000        499         284.44
     275.000 0.996875000000        499         320.00
     275.000 0.997265625000        499         365.71
     275.000 0.997656250000        499         426.67
     302.000 0.998046875000        500         512.00
     302.000 1.000000000000        500
#[Mean    =       69.966, StdDeviation   =       39.941]
#[Max     =      302.000, Total count    =          500]
#[Buckets =           20, SubBuckets     =         2048]

50th Percentile : 
59
90th Percentile : 
121
95th Percentile : 
133
99th Percentile : 
162
99.9th Percentile : 
302
99.99th Percentile : 
302
99.999th Percentile : 
302
