Recorded latencies [in milli seconds]:
Workload Type : workload_E
Request/ Invocation/ DB Operation Type : SL_deleteCourseById
Recorded completion times :
[57, 84, 74, 122, 728, 114, 90, 96, 75, 62, 107, 67, 48, 52, 142, 57, 63, 93, 62, 48, 97, 53, 54, 42, 92, 64, 55, 99, 63, 49, 53, 96, 54, 64, 103, 74, 74, 54, 130, 59, 54, 95, 59, 64, 111, 64, 46, 88, 39, 41, 86, 48, 73, 91, 40, 47, 84, 48, 44, 91, 53, 105, 91, 47, 48, 87, 53, 44, 95, 50, 62, 104, 57, 51, 98, 71, 55, 98, 55, 51, 104, 51, 54, 87, 48, 45, 87, 55, 42, 151, 47, 56, 84, 56, 48, 97, 62, 50, 84, 60, 36, 78, 51, 47, 80, 43, 37, 92, 58, 56, 100, 77, 56, 90, 63, 60, 111, 52, 59, 91, 58, 43, 92, 52, 50, 85, 72, 76, 40, 97, 55, 58, 87, 56, 44, 101, 53, 54, 68, 109, 57, 64, 87, 58, 64, 56, 99, 82, 63, 66, 101, 64, 63, 100, 68, 56, 57, 90, 47, 35, 91, 53, 49, 82, 71, 68, 88, 55, 51, 92, 71, 50, 95, 64, 53, 86, 56, 44, 94, 60, 67, 97, 57, 58, 104, 70, 63, 167, 78, 79, 99, 46, 47, 77, 39, 45, 87, 64, 33, 133, 93, 54, 89, 77, 35, 83, 82, 202, 272, 50, 47, 101, 62, 66, 91, 148, 75, 119, 67, 68, 107, 68, 71, 59, 103, 69, 55, 112, 66, 107, 87, 141, 44, 93, 55, 55, 120, 59, 47, 117, 58, 53, 90, 63, 61, 92, 126, 55, 103, 73, 100, 96, 69, 67, 104, 78, 62, 97, 56, 57, 98, 61, 76, 100, 55, 45, 123, 49, 44, 93, 63, 56, 90, 47, 46, 124, 56, 56, 84, 48, 47, 86, 75, 52, 99, 77, 66, 57, 119, 64, 71, 68, 98, 61, 79, 102, 57, 58, 105, 57, 71, 193, 39, 42, 93, 49, 39, 84, 53, 48, 87, 54, 38, 91, 48, 51, 86, 127, 64, 113, 57, 59, 98, 140, 54, 129, 60, 87, 110, 68, 52, 87, 64, 44, 87, 59, 47, 108, 56, 47, 94, 56, 53, 86, 53, 45, 98, 68, 56, 89, 70, 60, 108, 67, 77, 104, 77, 55, 100, 72, 59, 106, 282, 55, 87, 57, 57, 134, 51, 43, 97, 50, 48, 98, 41, 39, 99, 59, 51, 89, 91, 80, 93, 46, 61, 99, 126, 69, 111, 147, 107, 154, 120, 293, 251, 134, 202, 160, 116, 161, 127, 150, 141, 104, 87, 425, 181, 126, 177, 67, 100, 148, 79, 92, 132, 307, 134, 111, 99, 103, 105, 99, 80, 79, 120, 73, 197, 135, 100, 261, 630, 601, 441, 445, 143, 89, 133, 215, 525, 721, 266, 297, 310, 134, 110, 148, 74, 91, 140, 186, 484, 41, 151, 61, 70, 109, 483, 39, 37, 16, 7, 9, 11, 14, 17, 14, 9, 15, 67, 17, 590, 8, 21, 18, 9, 6, 16, 18, 19, 406, 192, 301, 67, 53, 53, 54, 62, 62, 55, 227, 48, 42, 43, 41, 60, 64, 79, 48, 47, 48]

Histogram Distribution : 
       Value     Percentile TotalCount 1/(1-Percentile)

       6.000 0.000000000000          1           1.00
      44.000 0.100000000000         52           1.11
      51.000 0.200000000000        105           1.25
      56.000 0.300000000000        162           1.43
      61.000 0.400000000000        202           1.67
      68.000 0.500000000000        251           2.00
      75.000 0.550000000000        275           2.22
      84.000 0.600000000000        304           2.50
      88.000 0.650000000000        325           2.86
      93.000 0.700000000000        355           3.33
      98.000 0.750000000000        376           4.00
     100.000 0.775000000000        391           4.44
     104.000 0.800000000000        405           5.00
     107.000 0.825000000000        413           5.71
     113.000 0.850000000000        425           6.67
     126.000 0.875000000000        439           8.00
     132.000 0.887500000000        444           8.89
     134.000 0.900000000000        450          10.00
     143.000 0.912500000000        457          11.43
     151.000 0.925000000000        464          13.33
     177.000 0.937500000000        469          16.00
     192.000 0.943750000000        472          17.78
     202.000 0.950000000000        476          20.00
     251.000 0.956250000000        479          22.86
     272.000 0.962500000000        482          26.67
     297.000 0.968750000000        485          32.00
     301.000 0.971875000000        486          35.56
     310.000 0.975000000000        488          40.00
     425.000 0.978125000000        490          45.71
     441.000 0.981250000000        491          53.33
     483.000 0.984375000000        493          64.00
     483.000 0.985937500000        493          71.11
     484.000 0.987500000000        494          80.00
     525.000 0.989062500000        495          91.43
     590.000 0.990625000000        496         106.67
     601.000 0.992187500000        497         128.00
     601.000 0.992968750000        497         142.22
     601.000 0.993750000000        497         160.00
     630.000 0.994531250000        498         182.86
     630.000 0.995312500000        498         213.33
     721.000 0.996093750000        499         256.00
     721.000 0.996484375000        499         284.44
     721.000 0.996875000000        499         320.00
     721.000 0.997265625000        499         365.71
     721.000 0.997656250000        499         426.67
     728.000 0.998046875000        500         512.00
     728.000 1.000000000000        500
#[Mean    =       91.242, StdDeviation   =       84.946]
#[Max     =      728.000, Total count    =          500]
#[Buckets =           20, SubBuckets     =         2048]

50th Percentile : 
68
90th Percentile : 
134
95th Percentile : 
202
99th Percentile : 
525
99.9th Percentile : 
728
99.99th Percentile : 
728
99.999th Percentile : 
728
