Recorded latencies [in milli seconds]:
Workload Type : workload_E
Request/ Invocation/ DB Operation Type : DB_deleteCourseById
Recorded completion times :
[375, 403, 727, 86, 190, 212, 601, 46, 43, 144, 38, 40, 38, 31, 47, 55, 37, 62, 39, 35, 29, 41, 47, 40, 46, 57, 41, 50, 103, 174, 36, 33, 37, 52, 115, 139, 36, 33, 30, 31, 49, 37, 34, 29, 37, 30, 45, 75, 30, 46, 44, 48, 41, 44, 167, 50, 45, 56, 42, 40, 42, 51, 58, 56, 41, 39, 38, 34, 30, 43, 33, 37, 33, 41, 39, 39, 40, 35, 29, 50, 38, 36, 64, 51, 95, 46, 44, 50, 40, 61, 41, 74, 80, 67, 72, 66, 72, 51, 72, 89, 61, 38, 46, 40, 27, 34, 45, 38, 30, 45, 37, 43, 36, 46, 50, 60, 49, 43, 60, 167, 83, 105, 39, 82, 72, 93, 103, 62, 31, 71, 32, 100, 43, 87, 53, 47, 107, 45, 53, 45, 32, 39, 49, 37, 29, 41, 32, 29, 38, 42, 36, 47, 39, 31, 42, 75, 32, 51, 32, 29, 48, 188, 40, 43, 44, 47, 61, 104, 130, 74, 64, 110, 70, 63, 54, 47, 34, 31, 31, 36, 33, 49, 47, 67, 40, 46, 44, 49, 45, 85, 50, 49, 47, 42, 45, 49, 39, 38, 41, 32, 30, 43, 39, 33, 29, 41, 38, 38, 37, 63, 38, 39, 30, 58, 33, 34, 42, 38, 39, 44, 44, 50, 74, 60, 49, 47, 88, 46, 46, 49, 39, 33, 51, 66, 30, 52, 34, 36, 41, 30, 39, 45, 30, 29, 34, 36, 52, 36, 29, 30, 46, 31, 37, 35, 43, 36, 45, 47, 41, 72, 43, 61, 50, 45, 107, 35, 32, 54, 32, 36, 62, 32, 33, 34, 39, 32, 30, 44, 34, 34, 38, 39, 29, 44, 48, 31, 115, 53, 34, 48, 45, 42, 44, 42, 41, 49, 89, 45, 52, 42, 44, 54, 88, 30, 54, 33, 33, 45, 36, 34, 36, 44, 32, 38, 45, 31, 31, 43, 41, 30, 38, 43, 43, 44, 46, 51, 44, 54, 44, 41, 149, 41, 43, 46, 49, 51, 48, 50, 49, 36, 84, 38, 538, 75, 29, 41, 34, 38, 40, 31, 30, 44, 40, 34, 44, 34, 43, 48, 41, 89, 46, 42, 49, 44, 50, 47, 46, 46, 42, 43, 46, 33, 41, 40, 34, 35, 30, 34, 40, 30, 31, 40, 36, 40, 41, 30, 31, 45, 116, 31, 46, 44, 45, 43, 47, 56, 41, 101, 50, 53, 50, 44, 66, 41, 78, 28, 33, 40, 34, 50, 28, 29, 37, 35, 38, 37, 30, 35, 36, 29, 35, 39, 45, 50, 48, 46, 40, 47, 45, 43, 46, 63, 91, 68, 99, 55, 62, 52, 56, 31, 43, 34, 61, 47, 34, 34, 49, 36, 44, 38, 36, 42, 35, 35, 29, 38, 50, 45, 46, 44, 39, 40, 49, 41, 99, 69, 108, 125, 100, 112, 124, 87, 88, 87, 118, 145, 111, 204, 94, 73, 87, 69, 85, 78, 98, 79, 157, 101, 79, 81, 70, 59, 242, 142, 79, 110, 54, 74, 161, 60]

Histogram Distribution : 
       Value     Percentile TotalCount 1/(1-Percentile)

      27.000 0.000000000000          1           1.00
      31.000 0.100000000000         51           1.11
      35.000 0.200000000000        106           1.25
      38.000 0.300000000000        155           1.43
      41.000 0.400000000000        211           1.67
      44.000 0.500000000000        263           2.00
      45.000 0.550000000000        283           2.22
      46.000 0.600000000000        303           2.50
      49.000 0.650000000000        339           2.86
      50.000 0.700000000000        354           3.33
      54.000 0.750000000000        376           4.00
      60.000 0.775000000000        390           4.44
      63.000 0.800000000000        402           5.00
      70.000 0.825000000000        414           5.71
      74.000 0.850000000000        425           6.67
      84.000 0.875000000000        438           8.00
      87.000 0.887500000000        445           8.89
      89.000 0.900000000000        451          10.00
      99.000 0.912500000000        458          11.43
     103.000 0.925000000000        464          13.33
     108.000 0.937500000000        469          16.00
     111.000 0.943750000000        472          17.78
     115.000 0.950000000000        475          20.00
     125.000 0.956250000000        479          22.86
     142.000 0.962500000000        482          26.67
     149.000 0.968750000000        485          32.00
     157.000 0.971875000000        486          35.56
     167.000 0.975000000000        489          40.00
     174.000 0.978125000000        490          45.71
     188.000 0.981250000000        491          53.33
     204.000 0.984375000000        493          64.00
     204.000 0.985937500000        493          71.11
     212.000 0.987500000000        494          80.00
     242.000 0.989062500000        495          91.43
     375.000 0.990625000000        496         106.67
     403.000 0.992187500000        497         128.00
     403.000 0.992968750000        497         142.22
     403.000 0.993750000000        497         160.00
     538.000 0.994531250000        498         182.86
     538.000 0.995312500000        498         213.33
     601.000 0.996093750000        499         256.00
     601.000 0.996484375000        499         284.44
     601.000 0.996875000000        499         320.00
     601.000 0.997265625000        499         365.71
     601.000 0.997656250000        499         426.67
     727.000 0.998046875000        500         512.00
     727.000 1.000000000000        500
#[Mean    =       57.526, StdDeviation   =       57.061]
#[Max     =      727.000, Total count    =          500]
#[Buckets =           20, SubBuckets     =         2048]

50th Percentile : 
44
90th Percentile : 
89
95th Percentile : 
115
99th Percentile : 
242
99.9th Percentile : 
727
99.99th Percentile : 
727
99.999th Percentile : 
727
