Recorded latencies [in milli seconds]:
Workload Type : workload_B
Request/ Invocation/ DB Operation Type : HTTP_create
Recorded completion times :
[539, 68, 89, 83, 101, 72, 67, 90, 51, 87, 102, 67, 68, 110, 73, 71, 112, 65, 66, 112, 70, 79, 71, 107, 86, 75, 111, 72, 66, 148, 94, 66, 113, 88, 83, 68, 123, 66, 68, 127, 93, 65, 82, 109, 66, 68, 108, 77, 55, 104, 64, 68, 110, 91, 77, 71, 108, 71, 70, 71, 103, 65, 58, 124, 80, 67, 72, 118, 81, 119, 135, 122, 55, 56, 98, 175, 95, 95, 59, 74, 96, 60, 57, 99, 100, 80, 111, 80, 78, 63, 100, 84, 169, 580, 65, 62, 108, 75, 55, 99, 86, 62, 114, 89, 64, 123, 64, 82, 116, 90, 62, 121, 86, 88, 132, 95, 74, 139, 75, 65, 67, 109, 82, 68, 71, 94, 143, 77, 54, 96, 73, 85, 101, 68, 68, 99, 90, 52, 92, 75, 62, 98, 108, 78, 74, 123, 89, 77, 140, 70, 70, 115, 41, 65, 122, 92, 95, 62, 105, 59, 66, 111, 79, 58, 71, 99, 72, 71, 108, 110, 68, 96, 71, 82, 54, 93, 95, 137, 222, 75, 76, 79, 97, 72, 76, 118, 90, 81, 115, 50, 56, 107, 82, 76, 111, 65, 57, 122, 59, 44, 85, 40, 43, 94, 72, 63, 132, 91, 69, 99, 46, 43, 92, 67, 53, 106, 70, 70, 120, 67, 76, 122, 91, 78, 134, 88, 78, 118, 55, 58, 114, 86, 66, 98, 74, 63, 111, 78, 66, 98, 72, 44, 97, 70, 60, 140, 110, 69, 59, 94, 89, 80, 119, 92, 88, 117, 56, 68, 118, 112, 58, 70, 111, 83, 73, 105, 71, 56, 101, 79, 66, 108, 59, 54, 97, 57, 58, 101, 78, 66, 97, 64, 61, 98, 82, 61, 102, 79, 69, 105, 71, 69, 112, 59, 72, 109, 90, 71, 100, 151, 87, 111, 68, 77, 105, 45, 55, 94, 54, 56, 100, 61, 65, 102, 75, 88, 98, 59, 65, 82, 105, 50, 54, 106, 60, 104, 119, 84, 77, 125, 86, 101, 112, 84, 76, 114, 64, 71, 117, 70, 51, 103, 79, 68, 108, 75, 69, 104, 63, 56, 108, 79, 58, 99, 82, 64, 105, 82, 67, 106, 65, 63, 97, 70, 110, 120, 71, 70, 120, 54, 67, 117, 73, 59, 111, 95, 68, 105, 51, 67, 244, 129, 142, 87, 57, 170, 139, 136, 133, 117, 165, 119, 134, 106, 166, 133, 87, 131, 127, 96, 213, 108, 76, 157, 149, 52, 96, 102, 110, 100, 138, 159, 93, 140, 108, 101, 127, 164, 127, 131, 249, 110, 149, 108, 135, 150, 95, 154, 708, 266, 98, 133, 104, 125, 139, 128, 99, 130, 146, 149, 387, 426, 642, 456, 450, 706, 619, 675, 384, 155, 164, 180, 161, 248, 151, 156, 199, 238, 162, 208, 60, 319, 179, 106, 94, 786, 634, 516, 256, 65, 111, 347, 145, 87, 131, 190, 116, 379, 118, 125, 166, 121, 201, 85, 77, 85, 96, 94, 132, 422, 120, 158, 254, 390, 522, 589, 380, 326, 318, 396]

Histogram Distribution : 
       Value     Percentile TotalCount 1/(1-Percentile)

      40.000 0.000000000000          1           1.00
      59.000 0.100000000000         51           1.11
      67.000 0.200000000000        104           1.25
      72.000 0.300000000000        156           1.43
      80.000 0.400000000000        201           1.67
      92.000 0.500000000000        253           2.00
      96.000 0.550000000000        276           2.22
     100.000 0.600000000000        300           2.50
     106.000 0.650000000000        328           2.86
     110.000 0.700000000000        351           3.33
     117.000 0.750000000000        377           4.00
     120.000 0.775000000000        390           4.44
     124.000 0.800000000000        400           5.00
     131.000 0.825000000000        413           5.71
     137.000 0.850000000000        425           6.67
     149.000 0.875000000000        440           8.00
     154.000 0.887500000000        444           8.89
     161.000 0.900000000000        450          10.00
     169.000 0.912500000000        457          11.43
     199.000 0.925000000000        463          13.33
     244.000 0.937500000000        469          16.00
     254.000 0.943750000000        472          17.78
     318.000 0.950000000000        475          20.00
     379.000 0.956250000000        479          22.86
     387.000 0.962500000000        482          26.67
     422.000 0.968750000000        485          32.00
     426.000 0.971875000000        486          35.56
     456.000 0.975000000000        488          40.00
     522.000 0.978125000000        490          45.71
     539.000 0.981250000000        491          53.33
     589.000 0.984375000000        493          64.00
     589.000 0.985937500000        493          71.11
     619.000 0.987500000000        494          80.00
     634.000 0.989062500000        495          91.43
     642.000 0.990625000000        496         106.67
     675.000 0.992187500000        497         128.00
     675.000 0.992968750000        497         142.22
     675.000 0.993750000000        497         160.00
     706.000 0.994531250000        498         182.86
     706.000 0.995312500000        498         213.33
     708.000 0.996093750000        499         256.00
     708.000 0.996484375000        499         284.44
     708.000 0.996875000000        499         320.00
     708.000 0.997265625000        499         365.71
     708.000 0.997656250000        499         426.67
     786.000 0.998046875000        500         512.00
     786.000 1.000000000000        500
#[Mean    =      116.188, StdDeviation   =      100.664]
#[Max     =      786.000, Total count    =          500]
#[Buckets =           20, SubBuckets     =         2048]

50th Percentile : 
92
90th Percentile : 
161
95th Percentile : 
318
99th Percentile : 
634
99.9th Percentile : 
786
99.99th Percentile : 
786
99.999th Percentile : 
786
