Recorded latencies [in milli seconds]:
Workload Type : workload_C
Request/ Invocation/ DB Operation Type : SL_getAllCourses
Recorded completion times :
[119, 14, 28, 14, 12, 32, 18, 24, 9, 19, 16, 18, 52, 8, 6, 14, 9, 7, 6, 49, 8, 39, 8, 55, 12, 8, 11, 7, 13, 9, 47, 11, 7, 9, 8, 8, 6, 8, 51, 9, 11, 18, 9, 50, 11, 10, 50, 6, 9, 7, 11, 8, 12, 50, 20, 6, 6, 52, 7, 7, 7, 8, 6, 51, 15, 8, 6, 5, 48, 13, 8, 51, 35, 6, 6, 54, 18, 10, 5, 7, 8, 6, 7, 9, 10, 50, 9, 5, 7, 17, 6, 8, 10, 53, 14, 12, 49, 6, 5, 14, 8, 49, 6, 6, 6, 54, 6, 9, 5, 7, 46, 6, 8, 6, 47, 8, 7, 6, 6, 50, 9, 15, 8, 49, 27, 7, 10, 9, 11, 19, 27, 12, 7, 5, 13, 7, 11, 8, 5, 9, 8, 7, 5, 17, 6, 8, 5, 6, 9, 8, 5, 9, 6, 7, 8, 5, 10, 7, 6, 6, 5, 6, 5, 5, 7, 14, 5, 6, 6, 7, 16, 12, 9, 5, 9, 38, 52, 5, 10, 9, 5, 11, 8, 6, 7, 6, 8, 7, 5, 6, 7, 8, 5, 9, 6, 8, 9, 5, 7, 5, 5, 5, 6, 7, 6, 6, 7, 5, 6, 6, 7, 5, 6, 7, 7, 5, 10, 11, 10, 5, 7, 9, 8, 6, 5, 7, 31, 5, 7, 5, 7, 6, 7, 8, 5, 6, 6, 7, 5, 6, 5, 6, 5, 6, 7, 13, 6, 10, 7, 8, 13, 8, 9, 7, 7, 7, 16, 7, 11, 7, 9, 6, 6, 5, 6, 6, 6, 11, 7, 6, 12, 12, 9, 6, 6, 9, 8, 30, 7, 7, 7, 5, 12, 8, 9, 8, 4, 6, 6, 6, 6, 6, 8, 6, 5, 11, 5, 6, 6, 10, 6, 8, 6, 5, 7, 4, 8, 6, 6, 6, 6, 6, 7, 5, 7, 5, 10, 6, 6, 6, 8, 8, 6, 5, 9, 5, 6, 5, 41, 17, 13, 7, 7, 8, 5, 7, 5, 5, 6, 5, 7, 6, 6, 9, 7, 6, 6, 6, 7, 9, 5, 5, 6, 7, 5, 12, 10, 8, 6, 5, 8, 7, 6, 5, 10, 4, 14, 9, 5, 11, 6, 6, 6, 7, 7, 9, 5, 6, 6, 44, 9, 13, 8, 9, 8, 13, 5, 5, 7, 6, 9, 9, 7, 13, 10, 7, 9, 5, 10, 7, 7, 5, 10, 10, 6, 13, 9, 8, 7, 6, 9, 16, 6, 7, 6, 6, 6, 5, 6, 5, 7, 6, 8, 5, 6, 5, 7, 5, 6, 6, 220, 11, 5, 6, 7, 6, 6, 5, 5, 8, 6, 6, 5, 5, 9, 6, 5, 5, 5, 6, 7, 7, 7, 6, 5, 5, 6, 5, 5, 6, 5, 6, 7, 7, 8, 14, 5, 7, 8, 6, 12, 7, 8, 5, 10, 7, 7, 6, 5, 7, 6, 6, 5, 5, 5, 10, 5, 5, 5, 6, 5, 5, 7, 6, 6, 7, 5, 5, 16, 6]

Histogram Distribution : 
       Value     Percentile TotalCount 1/(1-Percentile)

       4.000 0.000000000000          3           1.00
       5.000 0.100000000000         94           1.11
       6.000 0.200000000000        214           1.25
       6.000 0.300000000000        214           1.43
       6.000 0.400000000000        214           1.67
       7.000 0.500000000000        295           2.00
       7.000 0.550000000000        295           2.22
       8.000 0.600000000000        344           2.50
       8.000 0.650000000000        344           2.86
       9.000 0.700000000000        383           3.33
       9.000 0.750000000000        383           4.00
      10.000 0.775000000000        403           4.44
      10.000 0.800000000000        403           5.00
      11.000 0.825000000000        417           5.71
      12.000 0.850000000000        428           6.67
      13.000 0.875000000000        438           8.00
      14.000 0.887500000000        446           8.89
      16.000 0.900000000000        453          10.00
      18.000 0.912500000000        460          11.43
      20.000 0.925000000000        463          13.33
      31.000 0.937500000000        469          16.00
      38.000 0.943750000000        472          17.78
      44.000 0.950000000000        475          20.00
      48.000 0.956250000000        479          22.86
      49.000 0.962500000000        483          26.67
      50.000 0.968750000000        488          32.00
      50.000 0.971875000000        488          35.56
      50.000 0.975000000000        488          40.00
      51.000 0.978125000000        491          45.71
      51.000 0.981250000000        491          53.33
      52.000 0.984375000000        494          64.00
      52.000 0.985937500000        494          71.11
      52.000 0.987500000000        494          80.00
      53.000 0.989062500000        495          91.43
      54.000 0.990625000000        497         106.67
      54.000 0.992187500000        497         128.00
      54.000 0.992968750000        497         142.22
      54.000 0.993750000000        497         160.00
      55.000 0.994531250000        498         182.86
      55.000 0.995312500000        498         213.33
     119.000 0.996093750000        499         256.00
     119.000 0.996484375000        499         284.44
     119.000 0.996875000000        499         320.00
     119.000 0.997265625000        499         365.71
     119.000 0.997656250000        499         426.67
     220.000 0.998046875000        500         512.00
     220.000 1.000000000000        500
#[Mean    =       10.820, StdDeviation   =       14.596]
#[Max     =      220.000, Total count    =          500]
#[Buckets =           20, SubBuckets     =         2048]

50th Percentile : 
7
90th Percentile : 
16
95th Percentile : 
44
99th Percentile : 
53
99.9th Percentile : 
220
99.99th Percentile : 
220
99.999th Percentile : 
220
