Recorded latencies [in milli seconds]:
Workload Type : workload_H
Request/ Invocation/ DB Operation Type : DB_deleteCourseById
Recorded completion times :
[39, 34, 39, 30, 28, 33, 38, 37, 39, 60, 50, 49, 45, 41, 35, 98, 31, 32, 34, 39, 36, 32, 35, 35, 45, 44, 42, 44, 40, 46, 45, 35, 36, 65, 31, 35, 36, 31, 30, 32, 42, 46, 64, 67, 49, 50, 58, 43, 30, 34, 36, 30, 32, 206, 48, 46, 77, 122, 67, 63, 87, 284, 235, 78, 35, 34, 90, 79, 76, 72, 64, 98, 74, 84, 81, 70, 78, 93, 111, 92, 96, 70, 295, 508, 463, 420, 406, 202, 481, 287, 274, 307, 624, 517, 335, 404, 120, 382, 331, 38, 43, 110, 32, 68, 76, 48, 42, 42, 35, 35, 30, 34, 37, 36, 28, 38, 29, 35, 45, 41, 43, 44, 45, 49, 39, 34, 32, 35, 30, 39, 32, 38, 37, 36, 34, 36, 86, 40, 44, 38, 34, 37, 29, 36, 31, 37, 42, 35, 35, 36, 28, 39, 42, 47, 38, 28, 37, 37, 34, 32, 35, 33, 36, 48, 36, 31, 36, 33, 47, 39, 48, 40, 43, 42, 83, 37, 37, 38, 28, 38, 34, 30, 33, 32, 42, 41, 48, 45, 46, 33, 38, 37, 38, 29, 84, 29, 39, 32, 37, 31, 49, 44, 44, 46, 45, 46, 48, 74, 35, 34, 36, 36, 80, 33, 38, 30, 30, 50, 46, 42, 50, 46, 47, 46, 32, 34, 35, 34, 38, 34, 31, 36, 79, 46, 67, 49, 50, 45, 43, 45, 32, 36, 37, 38, 35, 47, 32, 34, 36, 44, 48, 45, 48, 45, 47, 50, 34, 33, 32, 31, 28, 39, 35, 35, 34, 69, 48, 44, 44, 47, 92, 48, 49, 37, 31, 36, 36, 35, 31, 33, 50, 65, 48, 48, 47, 46, 46, 45, 49, 355, 33, 38, 34, 36, 30, 53, 38, 82, 48, 45, 41, 47, 46, 36, 28, 29, 28, 27, 32, 127, 150, 94, 82, 72, 35, 40, 72, 83, 34, 49, 77, 49, 48, 58, 35, 35, 36, 36, 38, 41, 34, 41, 50, 50, 72, 38, 37, 97, 90, 94, 104, 132, 64, 86, 112, 126, 135, 132, 108, 104, 99, 93, 124, 99, 63, 114, 111, 217, 99, 65, 70, 73, 98, 95, 66, 88, 82, 87, 99, 78, 61, 118, 173, 195, 200, 521, 468, 347, 300, 552, 185, 507, 463, 356, 239, 314, 81, 59, 66, 67, 58, 89, 113, 66, 86, 72, 94, 218, 119, 78, 86, 114, 243, 72, 83, 34, 49, 45, 45, 50, 51, 38, 34, 30, 33, 37, 85, 38, 58, 35, 38, 31, 30, 38, 44, 52, 44, 40, 35, 39, 34, 29, 29, 34, 38, 91, 39, 38, 50, 48, 49, 48, 51, 36, 30, 39, 31, 36, 33, 40, 47, 96, 38, 34, 49, 47, 41, 47, 51, 48, 43, 38, 29, 35, 39, 36, 37, 37, 37, 37, 28, 46, 43, 86, 42, 49, 49, 66, 29, 37, 37, 37, 30, 37, 37, 36, 36, 46, 49, 42, 40, 48, 105, 48, 50, 36, 39, 37, 31, 37]

Histogram Distribution : 
       Value     Percentile TotalCount 1/(1-Percentile)

      27.000 0.000000000000          1           1.00
      32.000 0.100000000000         61           1.11
      35.000 0.200000000000        122           1.25
      36.000 0.300000000000        151           1.43
      38.000 0.400000000000        202           1.67
      44.000 0.500000000000        260           2.00
      45.000 0.550000000000        275           2.22
      47.000 0.600000000000        301           2.50
      49.000 0.650000000000        335           2.86
      51.000 0.700000000000        350           3.33
      67.000 0.750000000000        375           4.00
      74.000 0.775000000000        389           4.44
      80.000 0.800000000000        400           5.00
      86.000 0.825000000000        416           5.71
      92.000 0.850000000000        425           6.67
      99.000 0.875000000000        441           8.00
     105.000 0.887500000000        444           8.89
     113.000 0.900000000000        450          10.00
     124.000 0.912500000000        457          11.43
     150.000 0.925000000000        463          13.33
     206.000 0.937500000000        469          16.00
     235.000 0.943750000000        472          17.78
     274.000 0.950000000000        475          20.00
     300.000 0.956250000000        479          22.86
     331.000 0.962500000000        482          26.67
     355.000 0.968750000000        485          32.00
     356.000 0.971875000000        486          35.56
     404.000 0.975000000000        488          40.00
     420.000 0.978125000000        490          45.71
     463.000 0.981250000000        492          53.33
     468.000 0.984375000000        493          64.00
     468.000 0.985937500000        493          71.11
     481.000 0.987500000000        494          80.00
     507.000 0.989062500000        495          91.43
     508.000 0.990625000000        496         106.67
     517.000 0.992187500000        497         128.00
     517.000 0.992968750000        497         142.22
     517.000 0.993750000000        497         160.00
     521.000 0.994531250000        498         182.86
     521.000 0.995312500000        498         213.33
     552.000 0.996093750000        499         256.00
     552.000 0.996484375000        499         284.44
     552.000 0.996875000000        499         320.00
     552.000 0.997265625000        499         365.71
     552.000 0.997656250000        499         426.67
     624.000 0.998046875000        500         512.00
     624.000 1.000000000000        500
#[Mean    =       72.198, StdDeviation   =       87.035]
#[Max     =      624.000, Total count    =          500]
#[Buckets =           20, SubBuckets     =         2048]

50th Percentile : 
44
90th Percentile : 
113
95th Percentile : 
274
99th Percentile : 
507
99.9th Percentile : 
624
99.99th Percentile : 
624
99.999th Percentile : 
624
