Recorded latencies [in milli seconds]:
Workload Type : workload_D
Request/ Invocation/ DB Operation Type : SL_getAllCourses
Recorded completion times :
[6, 17, 21, 23, 8, 16, 24, 15, 14, 19, 24, 8, 32, 15, 11, 22, 14, 10, 9, 25, 12, 16, 6, 6, 10, 36, 26, 31, 13, 15, 15, 15, 9, 13, 7, 65, 19, 20, 8, 17, 7, 5, 8, 47, 9, 6, 4, 8, 7, 7, 6, 4, 5, 4, 45, 8, 16, 21, 15, 57, 22, 25, 5, 9, 18, 7, 6, 16, 59, 5, 4, 16, 10, 10, 13, 66, 23, 4, 4, 6, 13, 56, 28, 16, 18, 18, 5, 6, 4, 34, 12, 15, 16, 69, 17, 7, 7, 6, 8, 18, 12, 6, 4, 5, 4, 18, 55, 14, 26, 20, 11, 7, 47, 11, 12, 12, 52, 19, 10, 10, 15, 53, 20, 16, 7, 18, 9, 50, 13, 20, 7, 7, 52, 6, 12, 22, 17, 54, 11, 10, 19, 12, 32, 56, 6, 8, 12, 14, 7, 19, 59, 10, 13, 7, 8, 12, 11, 12, 49, 10, 13, 4, 6, 20, 52, 14, 16, 16, 8, 18, 55, 7, 6, 19, 24, 21, 23, 7, 15, 61, 15, 17, 15, 13, 19, 25, 7, 5, 18, 6, 7, 8, 19, 22, 7, 6, 5, 23, 153, 6, 12, 15, 16, 13, 5, 8, 20, 60, 27, 14, 21, 12, 6, 19, 23, 20, 17, 18, 13, 21, 30, 13, 19, 5, 11, 59, 12, 20, 6, 15, 5, 57, 5, 5, 5, 5, 7, 4, 47, 25, 15, 5, 20, 19, 56, 23, 4, 4, 19, 10, 13, 52, 12, 17, 6, 21, 19, 249, 25, 11, 19, 15, 7, 6, 36, 17, 21, 19, 26, 16, 9, 7, 21, 21, 28, 21, 18, 14, 14, 25, 20, 16, 20, 17, 22, 22, 23, 14, 15, 18, 29, 7, 92, 22, 23, 32, 18, 25, 20, 17, 17, 75, 22, 26, 20, 23, 24, 18, 19, 22, 33, 18, 23, 17, 21, 20, 29, 25, 20, 37, 25, 13, 13, 25, 43, 23, 17, 6, 14, 5, 5, 3, 15, 19, 5, 5, 5, 4, 23, 5, 7, 59, 12, 13, 15, 5, 18, 5, 4, 16, 15, 4, 5, 47, 7, 5, 5, 5, 46, 15, 8, 5, 4, 14, 7, 32, 55, 5, 5, 21, 22, 54, 5, 11, 5, 4, 50, 6, 13, 5, 4, 6, 59, 23, 5, 5, 5, 6, 5, 6, 7, 9, 15, 5, 4, 53, 5, 13, 7, 6, 5, 4, 5, 4, 5, 6, 5, 5, 24, 48, 8, 6, 5, 6, 5, 4, 48, 5, 4, 4, 4, 5, 20, 5, 24, 50, 6, 6, 15, 5, 7, 7, 56, 7, 5, 6, 55, 5, 5, 12, 21, 17, 4, 4, 13, 54, 16, 10, 10, 4, 5, 64, 4, 5, 5, 15, 18, 51, 6, 7, 5, 13, 5, 5, 5, 23, 49, 4, 5, 7, 6, 16, 6, 6, 7, 48, 7, 13, 4, 25, 5, 6, 6, 13, 48, 19, 19, 4, 5, 14, 7, 54, 6, 6, 5, 47, 6, 5, 4, 6]

Histogram Distribution : 
       Value     Percentile TotalCount 1/(1-Percentile)

       3.000 0.000000000000          1           1.00
       5.000 0.100000000000        101           1.11
       5.000 0.200000000000        101           1.25
       7.000 0.300000000000        179           1.43
       9.000 0.400000000000        200           1.67
      13.000 0.500000000000        257           2.00
      15.000 0.550000000000        292           2.22
      16.000 0.600000000000        308           2.50
      18.000 0.650000000000        338           2.86
      19.000 0.700000000000        357           3.33
      21.000 0.750000000000        386           4.00
      22.000 0.775000000000        396           4.44
      23.000 0.800000000000        410           5.00
      24.000 0.825000000000        416           5.71
      25.000 0.850000000000        427           6.67
      31.000 0.875000000000        438           8.00
      34.000 0.887500000000        444           8.89
      46.000 0.900000000000        450          10.00
      48.000 0.912500000000        459          11.43
      50.000 0.925000000000        464          13.33
      52.000 0.937500000000        469          16.00
      54.000 0.943750000000        475          17.78
      54.000 0.950000000000        475          20.00
      55.000 0.956250000000        479          22.86
      56.000 0.962500000000        483          26.67
      57.000 0.968750000000        485          32.00
      59.000 0.971875000000        490          35.56
      59.000 0.975000000000        490          40.00
      59.000 0.978125000000        490          45.71
      60.000 0.981250000000        491          53.33
      64.000 0.984375000000        493          64.00
      64.000 0.985937500000        493          71.11
      65.000 0.987500000000        494          80.00
      66.000 0.989062500000        495          91.43
      69.000 0.990625000000        496         106.67
      75.000 0.992187500000        497         128.00
      75.000 0.992968750000        497         142.22
      75.000 0.993750000000        497         160.00
      92.000 0.994531250000        498         182.86
      92.000 0.995312500000        498         213.33
     153.000 0.996093750000        499         256.00
     153.000 0.996484375000        499         284.44
     153.000 0.996875000000        499         320.00
     153.000 0.997265625000        499         365.71
     153.000 0.997656250000        499         426.67
     249.000 0.998046875000        500         512.00
     249.000 1.000000000000        500
#[Mean    =       17.674, StdDeviation   =       19.083]
#[Max     =      249.000, Total count    =          500]
#[Buckets =           20, SubBuckets     =         2048]

50th Percentile : 
13
90th Percentile : 
46
95th Percentile : 
54
99th Percentile : 
66
99.9th Percentile : 
249
99.99th Percentile : 
249
99.999th Percentile : 
249
