Recorded latencies [in milli seconds]:
Workload Type : workload_A
Request/ Invocation/ DB Operation Type : HTTP_create
Recorded completion times :
[144, 54, 83, 64, 45, 43, 100, 81, 59, 64, 50, 80, 72, 67, 68, 67, 59, 55, 68, 69, 68, 72, 72, 67, 74, 87, 87, 79, 84, 78, 65, 92, 74, 70, 78, 106, 59, 73, 70, 67, 66, 79, 59, 68, 64, 83, 69, 70, 344, 82, 213, 55, 66, 68, 56, 100, 85, 92, 82, 67, 71, 77, 73, 57, 60, 177, 74, 103, 66, 120, 64, 75, 79, 69, 65, 66, 48, 65, 77, 52, 67, 68, 59, 103, 83, 80, 160, 66, 68, 70, 153, 84, 75, 66, 76, 67, 90, 85, 462, 80, 66, 51, 113, 62, 62, 97, 100, 69, 67, 73, 71, 66, 72, 74, 65, 83, 99, 59, 65, 58, 61, 103, 78, 60, 67, 74, 88, 88, 73, 64, 75, 71, 68, 82, 83, 85, 73, 85, 80, 73, 73, 113, 88, 77, 74, 68, 54, 103, 87, 71, 97, 62, 62, 72, 97, 66, 65, 65, 94, 92, 84, 82, 57, 62, 67, 68, 88, 77, 86, 51, 68, 63, 102, 79, 76, 73, 73, 75, 70, 51, 52, 110, 91, 76, 58, 69, 158, 61, 107, 69, 68, 57, 46, 56, 63, 60, 96, 83, 58, 57, 104, 73, 52, 74, 97, 71, 60, 74, 65, 78, 133, 77, 75, 81, 70, 89, 94, 71, 75, 103, 84, 58, 108, 69, 75, 49, 100, 68, 58, 63, 103, 74, 49, 57, 61, 98, 71, 56, 112, 64, 58, 64, 102, 66, 69, 78, 59, 74, 78, 85, 110, 71, 80, 78, 74, 90, 104, 66, 58, 64, 108, 60, 71, 58, 99, 73, 55, 61, 145, 97, 77, 64, 58, 53, 100, 65, 71, 58, 100, 76, 62, 53, 112, 107, 77, 52, 114, 76, 68, 110, 79, 62, 112, 70, 51, 82, 52, 45, 96, 69, 68, 58, 94, 59, 98, 58, 60, 93, 138, 57, 98, 70, 70, 95, 74, 55, 108, 81, 68, 78, 76, 69, 63, 107, 129, 168, 77, 67, 115, 76, 62, 39, 86, 57, 63, 57, 98, 77, 65, 64, 59, 96, 64, 45, 94, 68, 61, 93, 73, 52, 95, 55, 60, 62, 114, 76, 73, 69, 129, 81, 121, 77, 73, 97, 74, 79, 63, 111, 108, 83, 74, 71, 47, 87, 51, 43, 105, 60, 47, 93, 57, 62, 86, 45, 57, 93, 328, 178, 158, 128, 84, 116, 181, 76, 136, 179, 122, 93, 110, 162, 115, 74, 57, 128, 132, 108, 124, 155, 162, 81, 149, 165, 103, 119, 110, 144, 263, 115, 113, 136, 78, 121, 112, 125, 132, 119, 144, 115, 83, 161, 139, 63, 135, 318, 277, 471, 531, 639, 495, 473, 255, 134, 240, 369, 302, 421, 355, 224, 213, 92, 110, 142, 98, 73, 139, 93, 149, 74, 102, 58, 96, 193, 247, 198, 63, 28, 27, 41, 48, 36, 97, 81, 34, 35, 26, 495, 205, 65, 196, 69, 50, 231, 106, 50, 49, 53, 66, 48, 90, 71, 78, 69, 60, 61, 71, 61, 61, 66, 71, 72]

Histogram Distribution : 
       Value     Percentile TotalCount 1/(1-Percentile)

      26.000 0.000000000000          1           1.00
      56.000 0.100000000000         50           1.11
      61.000 0.200000000000        100           1.25
      66.000 0.300000000000        153           1.43
      70.000 0.400000000000        203           1.67
      74.000 0.500000000000        254           2.00
      77.000 0.550000000000        280           2.22
      80.000 0.600000000000        301           2.50
      84.000 0.650000000000        325           2.86
      92.000 0.700000000000        350           3.33
      98.000 0.750000000000        378           4.00
     102.000 0.775000000000        389           4.44
     106.000 0.800000000000        401           5.00
     110.000 0.825000000000        415           5.71
     114.000 0.850000000000        425           6.67
     125.000 0.875000000000        438           8.00
     132.000 0.887500000000        444           8.89
     138.000 0.900000000000        450          10.00
     145.000 0.912500000000        457          11.43
     158.000 0.925000000000        463          13.33
     168.000 0.937500000000        469          16.00
     179.000 0.943750000000        472          17.78
     196.000 0.950000000000        475          20.00
     213.000 0.956250000000        479          22.86
     240.000 0.962500000000        482          26.67
     263.000 0.968750000000        485          32.00
     277.000 0.971875000000        486          35.56
     318.000 0.975000000000        488          40.00
     344.000 0.978125000000        490          45.71
     355.000 0.981250000000        491          53.33
     421.000 0.984375000000        493          64.00
     421.000 0.985937500000        493          71.11
     462.000 0.987500000000        494          80.00
     471.000 0.989062500000        495          91.43
     473.000 0.990625000000        496         106.67
     495.000 0.992187500000        498         128.00
     495.000 0.992968750000        498         142.22
     495.000 0.993750000000        498         160.00
     495.000 0.994531250000        498         182.86
     495.000 0.995312500000        498         213.33
     531.000 0.996093750000        499         256.00
     531.000 0.996484375000        499         284.44
     531.000 0.996875000000        499         320.00
     531.000 0.997265625000        499         365.71
     531.000 0.997656250000        499         426.67
     639.000 0.998046875000        500         512.00
     639.000 1.000000000000        500
#[Mean    =       94.102, StdDeviation   =       68.620]
#[Max     =      639.000, Total count    =          500]
#[Buckets =           20, SubBuckets     =         2048]

50th Percentile : 
74
90th Percentile : 
138
95th Percentile : 
196
99th Percentile : 
471
99.9th Percentile : 
639
99.99th Percentile : 
639
99.999th Percentile : 
639
