Recorded latencies [in milli seconds]:
Workload Type : workload_F
Request/ Invocation/ DB Operation Type : HTTP_create
Recorded completion times :
[576, 67, 118, 49, 94, 81, 63, 114, 64, 70, 123, 60, 79, 116, 58, 105, 124, 85, 63, 84, 76, 107, 64, 72, 106, 85, 75, 113, 80, 64, 87, 78, 73, 113, 70, 42, 119, 88, 113, 81, 71, 69, 68, 116, 85, 75, 92, 115, 78, 70, 121, 78, 88, 72, 136, 83, 95, 137, 99, 55, 62, 101, 91, 55, 89, 38, 47, 105, 81, 68, 73, 103, 76, 67, 111, 66, 68, 111, 77, 80, 117, 56, 73, 85, 107, 97, 83, 77, 79, 117, 86, 72, 90, 115, 61, 82, 122, 99, 69, 132, 78, 68, 112, 100, 75, 111, 63, 55, 103, 83, 63, 112, 74, 58, 148, 85, 61, 72, 81, 118, 92, 89, 85, 122, 91, 76, 113, 164, 76, 53, 100, 83, 80, 110, 122, 70, 107, 67, 66, 112, 78, 72, 107, 66, 67, 97, 81, 64, 101, 63, 54, 88, 64, 66, 110, 82, 83, 93, 106, 68, 87, 90, 118, 82, 70, 121, 65, 66, 130, 75, 80, 83, 107, 91, 57, 153, 88, 58, 102, 72, 51, 94, 74, 84, 91, 115, 80, 44, 99, 75, 77, 120, 104, 77, 76, 112, 65, 83, 121, 79, 85, 123, 77, 78, 123, 88, 77, 107, 82, 70, 106, 83, 65, 112, 75, 67, 165, 127, 64, 109, 79, 67, 97, 69, 69, 111, 76, 68, 96, 110, 78, 112, 90, 77, 121, 79, 75, 112, 78, 79, 117, 94, 78, 117, 94, 72, 93, 70, 65, 109, 79, 69, 118, 82, 65, 138, 84, 67, 67, 105, 63, 76, 110, 78, 68, 93, 67, 62, 113, 87, 68, 119, 74, 75, 144, 80, 77, 118, 90, 78, 141, 82, 78, 134, 90, 89, 319, 133, 79, 55, 102, 70, 43, 96, 77, 141, 44, 93, 75, 74, 107, 81, 56, 99, 81, 64, 113, 90, 56, 109, 89, 81, 107, 158, 86, 119, 85, 71, 98, 70, 55, 116, 73, 58, 104, 60, 65, 95, 94, 70, 105, 63, 52, 105, 62, 64, 108, 139, 68, 103, 76, 58, 99, 148, 68, 114, 78, 76, 121, 90, 76, 77, 110, 79, 69, 112, 80, 60, 102, 77, 67, 113, 75, 66, 113, 121, 65, 129, 87, 49, 56, 102, 94, 119, 52, 100, 78, 71, 88, 69, 65, 97, 49, 57, 86, 38, 58, 201, 201, 219, 141, 117, 98, 135, 126, 369, 255, 112, 98, 178, 100, 103, 170, 88, 111, 263, 108, 111, 180, 116, 134, 146, 93, 81, 143, 94, 89, 132, 112, 79, 146, 122, 113, 114, 93, 130, 92, 157, 123, 89, 137, 108, 103, 159, 363, 244, 811, 291, 280, 501, 462, 365, 334, 153, 139, 283, 204, 175, 138, 217, 126, 109, 108, 57, 62, 99, 59, 51, 89, 57, 58, 87, 56, 56, 86, 60, 72, 108, 55, 82, 94, 69, 75, 141, 58, 63, 158, 93, 130, 419, 201, 96, 247, 178, 70, 60, 55, 56, 68, 249, 115, 58, 66, 62, 49, 57, 58, 56, 67, 64]

Histogram Distribution : 
       Value     Percentile TotalCount 1/(1-Percentile)

      38.000 0.000000000000          2           1.00
      60.000 0.100000000000         53           1.11
      67.000 0.200000000000        103           1.25
      74.000 0.300000000000        152           1.43
      79.000 0.400000000000        208           1.67
      85.000 0.500000000000        250           2.00
      90.000 0.550000000000        280           2.22
      94.000 0.600000000000        302           2.50
     101.000 0.650000000000        326           2.86
     107.000 0.700000000000        353           3.33
     112.000 0.750000000000        383           4.00
     113.000 0.775000000000        392           4.44
     116.000 0.800000000000        403           5.00
     118.000 0.825000000000        413           5.71
     122.000 0.850000000000        428           6.67
     130.000 0.875000000000        440           8.00
     134.000 0.887500000000        445           8.89
     138.000 0.900000000000        451          10.00
     141.000 0.912500000000        457          11.43
     148.000 0.925000000000        463          13.33
     159.000 0.937500000000        469          16.00
     170.000 0.943750000000        472          17.78
     178.000 0.950000000000        475          20.00
     201.000 0.956250000000        479          22.86
     219.000 0.962500000000        482          26.67
     249.000 0.968750000000        485          32.00
     255.000 0.971875000000        486          35.56
     280.000 0.975000000000        488          40.00
     291.000 0.978125000000        490          45.71
     319.000 0.981250000000        491          53.33
     363.000 0.984375000000        493          64.00
     363.000 0.985937500000        493          71.11
     365.000 0.987500000000        494          80.00
     369.000 0.989062500000        495          91.43
     419.000 0.990625000000        496         106.67
     462.000 0.992187500000        497         128.00
     462.000 0.992968750000        497         142.22
     462.000 0.993750000000        497         160.00
     501.000 0.994531250000        498         182.86
     501.000 0.995312500000        498         213.33
     576.000 0.996093750000        499         256.00
     576.000 0.996484375000        499         284.44
     576.000 0.996875000000        499         320.00
     576.000 0.997265625000        499         365.71
     576.000 0.997656250000        499         426.67
     811.000 0.998046875000        500         512.00
     811.000 1.000000000000        500
#[Mean    =      101.018, StdDeviation   =       65.006]
#[Max     =      811.000, Total count    =          500]
#[Buckets =           20, SubBuckets     =         2048]

50th Percentile : 
85
90th Percentile : 
138
95th Percentile : 
178
99th Percentile : 
369
99.9th Percentile : 
811
99.99th Percentile : 
811
99.999th Percentile : 
811
