Recorded latencies [in milli seconds]:
Workload Type : workload_F
Request/ Invocation/ DB Operation Type : DB_deleteCourseById
Recorded completion times :
[80, 55, 45, 33, 99, 150, 120, 48, 44, 63, 58, 54, 50, 41, 128, 47, 41, 80, 45, 49, 38, 45, 38, 28, 31, 37, 49, 40, 39, 29, 42, 58, 64, 38, 36, 37, 40, 31, 36, 41, 33, 66, 42, 50, 43, 82, 44, 45, 63, 45, 67, 77, 48, 43, 36, 34, 31, 48, 30, 34, 33, 38, 48, 34, 33, 31, 32, 44, 34, 37, 41, 39, 35, 113, 38, 30, 49, 30, 37, 38, 71, 48, 45, 46, 67, 45, 56, 49, 49, 53, 44, 47, 66, 70, 34, 44, 46, 32, 35, 37, 29, 45, 33, 32, 36, 39, 35, 44, 46, 31, 38, 32, 39, 116, 44, 34, 45, 41, 76, 62, 46, 86, 57, 49, 40, 49, 45, 41, 56, 43, 42, 37, 47, 46, 32, 46, 30, 34, 50, 39, 36, 50, 39, 45, 45, 32, 32, 33, 38, 30, 54, 472, 94, 39, 41, 38, 49, 50, 67, 44, 451, 276, 30, 330, 143, 91, 490, 48, 97, 363, 240, 75, 211, 332, 382, 440, 396, 285, 367, 213, 43, 38, 29, 42, 58, 29, 45, 35, 32, 38, 40, 34, 52, 46, 50, 43, 46, 43, 124, 50, 45, 41, 33, 35, 37, 28, 31, 52, 31, 36, 44, 33, 38, 43, 34, 42, 48, 28, 49, 129, 42, 91, 27, 62, 39, 39, 44, 42, 41, 41, 43, 45, 46, 44, 48, 54, 43, 43, 49, 69, 41, 43, 35, 32, 43, 39, 35, 36, 32, 33, 46, 34, 37, 45, 30, 36, 48, 39, 34, 81, 29, 29, 41, 40, 41, 43, 87, 48, 55, 47, 48, 49, 47, 40, 52, 47, 45, 46, 36, 48, 38, 57, 34, 48, 37, 36, 49, 35, 40, 36, 41, 32, 71, 35, 34, 46, 83, 40, 57, 44, 46, 57, 49, 40, 50, 69, 54, 49, 45, 45, 52, 45, 44, 49, 47, 42, 51, 52, 35, 41, 29, 33, 38, 33, 29, 52, 34, 34, 55, 50, 60, 47, 48, 65, 44, 42, 49, 43, 45, 46, 38, 40, 42, 103, 50, 38, 42, 42, 38, 117, 32, 41, 36, 35, 35, 34, 41, 35, 116, 38, 38, 63, 37, 38, 48, 53, 48, 48, 72, 48, 41, 52, 48, 62, 86, 50, 49, 55, 34, 40, 34, 32, 33, 36, 38, 37, 129, 36, 33, 40, 35, 36, 51, 52, 39, 48, 40, 52, 48, 46, 41, 48, 47, 67, 48, 80, 56, 52, 47, 39, 40, 48, 47, 37, 33, 36, 40, 31, 35, 31, 33, 38, 35, 36, 34, 123, 33, 36, 43, 31, 36, 29, 37, 41, 44, 36, 36, 45, 46, 50, 49, 47, 51, 51, 44, 47, 71, 46, 46, 50, 32, 39, 60, 79, 47, 42, 29, 39, 40, 46, 39, 43, 36, 35, 37, 46, 35, 78, 33, 40, 35, 36, 30, 90, 44, 43, 46, 46, 42, 46, 45, 87, 49, 37, 37, 80, 32, 36, 48, 32, 33, 41, 33, 37, 38, 34, 35, 109, 36, 48]

Histogram Distribution : 
       Value     Percentile TotalCount 1/(1-Percentile)

      27.000 0.000000000000          1           1.00
      33.000 0.100000000000         67           1.11
      35.000 0.200000000000        107           1.25
      38.000 0.300000000000        172           1.43
      40.000 0.400000000000        205           1.67
      43.000 0.500000000000        257           2.00
      45.000 0.550000000000        297           2.22
      46.000 0.600000000000        320           2.50
      47.000 0.650000000000        334           2.86
      48.000 0.700000000000        360           3.33
      49.000 0.750000000000        379           4.00
      50.000 0.775000000000        392           4.44
      52.000 0.800000000000        406           5.00
      55.000 0.825000000000        416           5.71
      58.000 0.850000000000        426           6.67
      66.000 0.875000000000        438           8.00
      69.000 0.887500000000        444           8.89
      75.000 0.900000000000        450          10.00
      80.000 0.912500000000        458          11.43
      86.000 0.925000000000        463          13.33
      94.000 0.937500000000        469          16.00
     103.000 0.943750000000        472          17.78
     116.000 0.950000000000        476          20.00
     123.000 0.956250000000        479          22.86
     129.000 0.962500000000        483          26.67
     150.000 0.968750000000        485          32.00
     211.000 0.971875000000        486          35.56
     240.000 0.975000000000        488          40.00
     285.000 0.978125000000        490          45.71
     330.000 0.981250000000        491          53.33
     363.000 0.984375000000        493          64.00
     363.000 0.985937500000        493          71.11
     367.000 0.987500000000        494          80.00
     382.000 0.989062500000        495          91.43
     396.000 0.990625000000        496         106.67
     440.000 0.992187500000        497         128.00
     440.000 0.992968750000        497         142.22
     440.000 0.993750000000        497         160.00
     451.000 0.994531250000        498         182.86
     451.000 0.995312500000        498         213.33
     472.000 0.996093750000        499         256.00
     472.000 0.996484375000        499         284.44
     472.000 0.996875000000        499         320.00
     472.000 0.997265625000        499         365.71
     472.000 0.997656250000        499         426.67
     490.000 0.998046875000        500         512.00
     490.000 1.000000000000        500
#[Mean    =       55.730, StdDeviation   =       56.802]
#[Max     =      490.000, Total count    =          500]
#[Buckets =           20, SubBuckets     =         2048]

50th Percentile : 
43
90th Percentile : 
75
95th Percentile : 
116
99th Percentile : 
382
99.9th Percentile : 
490
99.99th Percentile : 
490
99.999th Percentile : 
490
