Recorded latencies [in milli seconds]:
Workload Type : workload_E
Request/ Invocation/ DB Operation Type : HTTP_delete
Recorded completion times :
[919, 426, 755, 110, 261, 254, 616, 68, 105, 172, 79, 75, 64, 84, 68, 91, 110, 99, 80, 70, 55, 108, 77, 65, 133, 98, 86, 82, 142, 206, 83, 106, 72, 98, 181, 183, 101, 49, 44, 99, 93, 83, 59, 53, 72, 107, 78, 115, 102, 73, 86, 93, 65, 100, 185, 80, 124, 89, 73, 116, 76, 91, 148, 96, 77, 79, 78, 48, 88, 63, 59, 112, 71, 76, 113, 71, 77, 61, 82, 59, 50, 99, 93, 91, 167, 86, 63, 73, 111, 88, 78, 102, 137, 94, 100, 156, 96, 72, 152, 117, 90, 106, 102, 58, 41, 103, 78, 69, 114, 72, 68, 107, 56, 72, 137, 88, 67, 106, 94, 208, 115, 208, 81, 109, 152, 133, 146, 100, 95, 92, 67, 172, 67, 114, 119, 70, 128, 106, 90, 71, 52, 113, 74, 69, 98, 70, 65, 99, 68, 69, 111, 77, 65, 100, 66, 102, 104, 95, 55, 59, 113, 208, 67, 111, 71, 74, 137, 130, 156, 147, 101, 136, 131, 88, 85, 108, 63, 57, 97, 60, 67, 118, 70, 89, 109, 74, 70, 109, 73, 112, 120, 93, 76, 65, 113, 81, 66, 105, 70, 59, 99, 68, 77, 87, 39, 52, 88, 46, 50, 122, 68, 59, 99, 83, 46, 91, 68, 55, 119, 90, 63, 78, 146, 91, 67, 108, 125, 73, 107, 69, 58, 102, 81, 96, 101, 79, 64, 104, 68, 62, 108, 71, 58, 112, 64, 68, 115, 61, 56, 104, 74, 64, 74, 112, 73, 71, 55, 108, 66, 102, 115, 86, 77, 114, 136, 60, 103, 77, 58, 112, 87, 63, 62, 92, 60, 66, 102, 78, 58, 85, 53, 60, 102, 78, 70, 89, 137, 78, 96, 78, 72, 108, 68, 69, 102, 57, 109, 111, 67, 67, 109, 80, 112, 99, 78, 55, 99, 68, 78, 55, 101, 67, 60, 106, 69, 55, 101, 76, 68, 99, 68, 69, 111, 67, 89, 76, 110, 79, 70, 99, 164, 71, 118, 68, 80, 112, 55, 57, 107, 63, 108, 114, 563, 97, 91, 68, 47, 98, 66, 57, 100, 67, 65, 100, 68, 56, 107, 71, 67, 154, 69, 71, 112, 63, 74, 112, 68, 70, 110, 66, 77, 96, 56, 59, 101, 60, 55, 108, 69, 54, 100, 70, 65, 110, 69, 55, 97, 96, 140, 97, 69, 67, 111, 67, 74, 117, 49, 112, 119, 75, 80, 111, 90, 76, 91, 87, 56, 67, 97, 72, 34, 86, 56, 56, 99, 60, 53, 100, 59, 53, 97, 59, 68, 86, 111, 68, 50, 108, 67, 66, 113, 87, 111, 127, 119, 75, 124, 79, 90, 98, 90, 47, 117, 76, 60, 98, 62, 45, 99, 52, 57, 109, 58, 57, 100, 69, 77, 104, 60, 54, 106, 46, 62, 109, 129, 102, 141, 183, 125, 139, 188, 111, 121, 148, 136, 160, 201, 215, 103, 95, 161, 103, 106, 145, 123, 100, 219, 125, 98, 150, 104, 83, 310, 166, 100, 182, 76, 93, 221, 87]

Histogram Distribution : 
       Value     Percentile TotalCount 1/(1-Percentile)

      34.000 0.000000000000          1           1.00
      58.000 0.100000000000         54           1.11
      66.000 0.200000000000        103           1.25
      69.000 0.300000000000        150           1.43
      76.000 0.400000000000        200           1.67
      87.000 0.500000000000        253           2.00
      91.000 0.550000000000        275           2.22
      98.000 0.600000000000        306           2.50
     100.000 0.650000000000        329           2.86
     104.000 0.700000000000        354           3.33
     108.000 0.750000000000        377           4.00
     110.000 0.775000000000        389           4.44
     112.000 0.800000000000        409           5.00
     113.000 0.825000000000        414           5.71
     117.000 0.850000000000        426           6.67
     124.000 0.875000000000        438           8.00
     129.000 0.887500000000        444           8.89
     136.000 0.900000000000        451          10.00
     140.000 0.912500000000        457          11.43
     147.000 0.925000000000        463          13.33
     154.000 0.937500000000        469          16.00
     160.000 0.943750000000        472          17.78
     166.000 0.950000000000        475          20.00
     181.000 0.956250000000        479          22.86
     183.000 0.962500000000        482          26.67
     201.000 0.968750000000        485          32.00
     206.000 0.971875000000        486          35.56
     208.000 0.975000000000        489          40.00
     215.000 0.978125000000        490          45.71
     219.000 0.981250000000        491          53.33
     254.000 0.984375000000        493          64.00
     254.000 0.985937500000        493          71.11
     261.000 0.987500000000        494          80.00
     310.000 0.989062500000        495          91.43
     426.000 0.990625000000        496         106.67
     563.000 0.992187500000        497         128.00
     563.000 0.992968750000        497         142.22
     563.000 0.993750000000        497         160.00
     616.000 0.994531250000        498         182.86
     616.000 0.995312500000        498         213.33
     755.000 0.996093750000        499         256.00
     755.000 0.996484375000        499         284.44
     755.000 0.996875000000        499         320.00
     755.000 0.997265625000        499         365.71
     755.000 0.997656250000        499         426.67
     919.000 0.998046875000        500         512.00
     919.000 1.000000000000        500
#[Mean    =       97.694, StdDeviation   =       68.100]
#[Max     =      919.000, Total count    =          500]
#[Buckets =           20, SubBuckets     =         2048]

50th Percentile : 
87
90th Percentile : 
136
95th Percentile : 
166
99th Percentile : 
310
99.9th Percentile : 
919
99.99th Percentile : 
919
99.999th Percentile : 
919
