Recorded latencies [in milli seconds]:
Workload Type : workload_E
Request/ Invocation/ DB Operation Type : SL_deleteCourseById
Recorded completion times :
[402, 415, 740, 98, 243, 232, 607, 56, 95, 157, 56, 57, 50, 79, 56, 69, 92, 81, 58, 53, 43, 95, 61, 53, 114, 79, 63, 67, 124, 189, 67, 91, 54, 80, 153, 165, 90, 41, 39, 87, 66, 66, 44, 41, 52, 93, 60, 94, 90, 60, 65, 68, 55, 94, 177, 66, 110, 74, 57, 99, 59, 73, 124, 74, 59, 62, 65, 41, 81, 54, 47, 95, 51, 62, 97, 58, 63, 51, 78, 55, 44, 88, 78, 78, 152, 71, 53, 61, 99, 76, 59, 88, 130, 81, 86, 140, 85, 62, 141, 105, 79, 94, 85, 48, 34, 90, 65, 56, 97, 61, 55, 98, 47, 60, 120, 76, 60, 95, 79, 195, 104, 195, 65, 97, 134, 121, 129, 79, 85, 82, 52, 159, 56, 103, 108, 59, 120, 98, 69, 62, 44, 100, 63, 57, 87, 57, 52, 86, 55, 59, 95, 65, 54, 88, 55, 91, 94, 84, 46, 47, 103, 200, 55, 100, 58, 61, 125, 120, 145, 134, 82, 124, 122, 76, 75, 99, 52, 45, 88, 49, 53, 105, 59, 79, 98, 63, 58, 102, 64, 100, 108, 77, 62, 55, 101, 70, 53, 94, 59, 48, 88, 57, 63, 82, 34, 50, 84, 42, 44, 114, 55, 50, 88, 70, 39, 84, 57, 48, 108, 74, 55, 65, 133, 79, 60, 101, 112, 62, 99, 62, 49, 90, 69, 85, 89, 66, 53, 93, 55, 44, 98, 60, 45, 88, 52, 55, 104, 50, 45, 89, 63, 53, 58, 98, 59, 58, 50, 99, 54, 92, 104, 75, 68, 105, 125, 51, 92, 68, 46, 100, 75, 48, 53, 85, 49, 51, 91, 68, 50, 82, 47, 51, 92, 64, 63, 81, 128, 69, 87, 63, 62, 96, 58, 56, 95, 54, 101, 103, 59, 57, 100, 70, 102, 90, 68, 45, 89, 57, 66, 45, 91, 57, 48, 93, 58, 45, 92, 65, 54, 88, 56, 59, 102, 56, 76, 66, 101, 70, 59, 94, 157, 59, 108, 58, 70, 105, 52, 54, 101, 52, 98, 97, 550, 90, 83, 57, 41, 92, 54, 47, 90, 58, 53, 91, 59, 46, 97, 62, 56, 145, 59, 61, 104, 55, 63, 103, 58, 61, 100, 56, 62, 88, 50, 52, 92, 49, 45, 97, 54, 45, 88, 56, 54, 95, 58, 45, 88, 87, 130, 87, 58, 57, 102, 58, 64, 108, 46, 108, 109, 67, 69, 102, 79, 66, 86, 81, 47, 56, 90, 67, 31, 80, 48, 46, 91, 51, 43, 91, 50, 44, 87, 51, 58, 77, 102, 59, 46, 99, 57, 57, 104, 78, 102, 121, 111, 67, 113, 68, 79, 90, 81, 42, 111, 65, 49, 89, 57, 41, 94, 45, 49, 100, 49, 48, 89, 60, 68, 99, 57, 52, 103, 44, 56, 102, 121, 86, 129, 176, 116, 127, 178, 101, 110, 140, 131, 153, 195, 211, 99, 86, 151, 94, 96, 137, 115, 91, 210, 116, 89, 139, 90, 73, 300, 158, 90, 173, 66, 87, 214, 77]

Histogram Distribution : 
       Value     Percentile TotalCount 1/(1-Percentile)

      31.000 0.000000000000          1           1.00
      48.000 0.100000000000         50           1.11
      54.000 0.200000000000        100           1.25
      58.000 0.300000000000        155           1.43
      63.000 0.400000000000        202           1.67
      75.000 0.500000000000        252           2.00
      81.000 0.550000000000        280           2.22
      87.000 0.600000000000        305           2.50
      90.000 0.650000000000        333           2.86
      93.000 0.700000000000        351           3.33
      98.000 0.750000000000        381           4.00
      99.000 0.775000000000        389           4.44
     101.000 0.800000000000        402           5.00
     103.000 0.825000000000        415           5.71
     108.000 0.850000000000        430           6.67
     114.000 0.875000000000        439           8.00
     120.000 0.887500000000        445           8.89
     124.000 0.900000000000        452          10.00
     129.000 0.912500000000        458          11.43
     134.000 0.925000000000        464          13.33
     141.000 0.937500000000        469          16.00
     151.000 0.943750000000        472          17.78
     153.000 0.950000000000        475          20.00
     159.000 0.956250000000        479          22.86
     176.000 0.962500000000        482          26.67
     189.000 0.968750000000        485          32.00
     195.000 0.971875000000        488          35.56
     195.000 0.975000000000        488          40.00
     210.000 0.978125000000        490          45.71
     211.000 0.981250000000        491          53.33
     232.000 0.984375000000        493          64.00
     232.000 0.985937500000        493          71.11
     243.000 0.987500000000        494          80.00
     300.000 0.989062500000        495          91.43
     402.000 0.990625000000        496         106.67
     415.000 0.992187500000        497         128.00
     415.000 0.992968750000        497         142.22
     415.000 0.993750000000        497         160.00
     550.000 0.994531250000        498         182.86
     550.000 0.995312500000        498         213.33
     607.000 0.996093750000        499         256.00
     607.000 0.996484375000        499         284.44
     607.000 0.996875000000        499         320.00
     607.000 0.997265625000        499         365.71
     607.000 0.997656250000        499         426.67
     740.000 0.998046875000        500         512.00
     740.000 1.000000000000        500
#[Mean    =       85.710, StdDeviation   =       58.713]
#[Max     =      740.000, Total count    =          500]
#[Buckets =           20, SubBuckets     =         2048]

50th Percentile : 
75
90th Percentile : 
124
95th Percentile : 
153
99th Percentile : 
300
99.9th Percentile : 
740
99.99th Percentile : 
740
99.999th Percentile : 
740
