Recorded latencies [in milli seconds]:
Workload Type : workload_H
Request/ Invocation/ DB Operation Type : HTTP_retrieve_by_id
Recorded completion times :
[117, 24, 37, 54, 13, 23, 14, 9, 8, 7, 9, 9, 24, 27, 31, 27, 29, 32, 33, 31, 19, 38, 31, 32, 31, 34, 29, 40, 10, 29, 41, 28, 25, 31, 30, 37, 34, 27, 32, 26, 33, 33, 36, 29, 32, 28, 39, 7, 37, 21, 6, 26, 45, 30, 34, 7, 37, 31, 32, 20, 28, 21, 11, 28, 8, 37, 8, 8, 31, 16, 28, 35, 27, 34, 32, 22, 21, 31, 66, 23, 34, 25, 26, 35, 22, 32, 24, 38, 30, 36, 21, 35, 9, 28, 28, 29, 27, 43, 19, 7, 26, 18, 32, 33, 42, 34, 24, 27, 27, 34, 25, 25, 23, 25, 66, 7, 33, 25, 10, 31, 27, 27, 27, 11, 25, 37, 22, 40, 9, 22, 27, 34, 9, 19, 31, 28, 26, 6, 26, 24, 7, 22, 32, 24, 31, 26, 22, 25, 26, 19, 27, 10, 27, 26, 8, 5, 20, 24, 24, 28, 30, 32, 25, 33, 23, 33, 21, 25, 24, 37, 26, 27, 23, 28, 26, 21, 23, 28, 23, 21, 24, 27, 20, 41, 30, 8, 7, 22, 25, 24, 24, 24, 27, 19, 20, 25, 25, 35, 28, 23, 30, 27, 26, 25, 25, 25, 23, 28, 31, 25, 26, 26, 26, 23, 35, 23, 25, 25, 17, 24, 25, 19, 43, 23, 21, 24, 28, 24, 27, 23, 25, 16, 28, 19, 27, 14, 32, 23, 26, 26, 28, 23, 28, 19, 32, 23, 16, 31, 29, 30, 27, 7, 28, 25, 25, 33, 32, 23, 30, 9, 15, 6, 24, 28, 28, 22, 25, 25, 28, 22, 25, 33, 9, 14, 24, 26, 28, 25, 32, 29, 7, 22, 26, 24, 26, 22, 28, 26, 26, 23, 25, 7, 23, 20, 22, 21, 29, 26, 27, 24, 26, 26, 46, 23, 9, 7, 6, 6, 6, 8, 10, 21, 23, 21, 17, 18, 28, 30, 24, 27, 24, 31, 35, 26, 26, 23, 27, 20, 27, 22, 25, 12, 29, 11, 15, 30, 12, 23, 22, 29, 31, 20, 16, 20, 25, 64, 28, 21, 11, 7, 25, 17, 37, 23, 26, 24, 31, 49, 22, 34, 6, 25, 10, 35, 31, 23, 7, 38, 26, 31, 22, 21, 23, 70, 27, 24, 25, 15, 34, 23, 25, 36, 25, 53, 9, 26, 20, 24, 8, 21, 25, 27, 27, 26, 19, 22, 31, 24, 18, 32, 18, 20, 20, 20, 32, 33, 10, 28, 25, 24, 24, 26, 23, 24, 5, 15, 40, 44, 40, 18, 19, 25, 23, 11, 6, 22, 29, 24, 35, 21, 28, 7, 17, 19, 22, 22, 25, 24, 22, 21, 20, 28, 23, 28, 26, 45, 21, 29, 20, 34, 22, 35, 18, 24, 32, 29, 27, 26, 23, 22, 24, 22, 27, 7, 20, 28, 21, 27, 21, 27, 24, 9, 16, 24, 25, 24, 20, 31, 10, 5, 19, 31, 6, 24, 21, 25, 21, 23, 22, 25, 17, 25, 21, 22, 23, 23, 22, 22, 32, 21]

Histogram Distribution : 
       Value     Percentile TotalCount 1/(1-Percentile)

       5.000 0.000000000000          3           1.00
      10.000 0.100000000000         53           1.11
      20.000 0.200000000000        112           1.25
      22.000 0.300000000000        163           1.43
      24.000 0.400000000000        234           1.67
      25.000 0.500000000000        277           2.00
      25.000 0.550000000000        277           2.22
      26.000 0.600000000000        311           2.50
      27.000 0.650000000000        342           2.86
      28.000 0.700000000000        372           3.33
      29.000 0.750000000000        385           4.00
      30.000 0.775000000000        395           4.44
      31.000 0.800000000000        416           5.00
      31.000 0.825000000000        416           5.71
      32.000 0.850000000000        434           6.67
      33.000 0.875000000000        444           8.00
      33.000 0.887500000000        444           8.89
      34.000 0.900000000000        455          10.00
      35.000 0.912500000000        464          11.43
      35.000 0.925000000000        464          13.33
      37.000 0.937500000000        475          16.00
      37.000 0.943750000000        475          17.78
      37.000 0.950000000000        475          20.00
      39.000 0.956250000000        479          22.86
      40.000 0.962500000000        483          26.67
      41.000 0.968750000000        485          32.00
      42.000 0.971875000000        486          35.56
      43.000 0.975000000000        488          40.00
      45.000 0.978125000000        491          45.71
      45.000 0.981250000000        491          53.33
      49.000 0.984375000000        493          64.00
      49.000 0.985937500000        493          71.11
      53.000 0.987500000000        494          80.00
      54.000 0.989062500000        495          91.43
      64.000 0.990625000000        496         106.67
      66.000 0.992187500000        498         128.00
      66.000 0.992968750000        498         142.22
      66.000 0.993750000000        498         160.00
      66.000 0.994531250000        498         182.86
      66.000 0.995312500000        498         213.33
      70.000 0.996093750000        499         256.00
      70.000 0.996484375000        499         284.44
      70.000 0.996875000000        499         320.00
      70.000 0.997265625000        499         365.71
      70.000 0.997656250000        499         426.67
     117.000 0.998046875000        500         512.00
     117.000 1.000000000000        500
#[Mean    =       24.792, StdDeviation   =        9.956]
#[Max     =      117.000, Total count    =          500]
#[Buckets =           20, SubBuckets     =         2048]

50th Percentile : 
25
90th Percentile : 
34
95th Percentile : 
37
99th Percentile : 
54
99.9th Percentile : 
117
99.99th Percentile : 
117
99.999th Percentile : 
117
