Recorded latencies [in milli seconds]:
Workload Type : workload_A
Request/ Invocation/ DB Operation Type : SL_saveCourse
Recorded completion times :
[129, 53, 56, 62, 39, 62, 41, 85, 57, 51, 184, 67, 50, 46, 47, 48, 51, 63, 40, 40, 49, 55, 56, 54, 49, 37, 86, 54, 53, 38, 52, 70, 60, 59, 56, 116, 54, 81, 57, 201, 55, 63, 53, 48, 82, 52, 32, 37, 80, 40, 50, 53, 37, 87, 67, 45, 49, 43, 50, 56, 40, 81, 57, 62, 36, 49, 81, 67, 58, 56, 68, 56, 60, 70, 59, 62, 103, 60, 76, 51, 151, 51, 42, 96, 65, 138, 52, 44, 42, 50, 56, 48, 46, 88, 65, 67, 48, 49, 43, 51, 46, 52, 65, 83, 145, 60, 58, 58, 162, 99, 101, 66, 170, 66, 99, 44, 85, 56, 60, 49, 49, 42, 45, 83, 55, 60, 52, 53, 42, 41, 93, 55, 43, 56, 48, 79, 40, 60, 69, 59, 95, 59, 57, 53, 55, 67, 109, 50, 62, 63, 58, 72, 50, 49, 121, 98, 62, 51, 41, 75, 48, 44, 85, 63, 46, 56, 44, 56, 191, 81, 50, 37, 87, 67, 64, 104, 71, 55, 92, 73, 58, 47, 96, 64, 54, 57, 61, 98, 66, 44, 55, 53, 78, 147, 113, 44, 50, 47, 91, 71, 42, 65, 93, 49, 46, 44, 92, 67, 43, 76, 58, 69, 113, 67, 53, 58, 97, 69, 62, 61, 70, 74, 87, 59, 58, 90, 62, 45, 48, 44, 54, 87, 57, 47, 99, 53, 112, 91, 47, 57, 121, 449, 48, 62, 103, 62, 61, 56, 97, 60, 68, 56, 97, 68, 164, 65, 49, 50, 88, 47, 82, 80, 49, 71, 108, 223, 91, 102, 135, 72, 132, 116, 165, 253, 136, 121, 80, 168, 51, 49, 103, 214, 69, 211, 270, 115, 96, 87, 305, 81, 110, 114, 117, 133, 85, 179, 76, 164, 84, 102, 139, 94, 81, 269, 81, 75, 130, 322, 545, 620, 619, 249, 278, 421, 388, 503, 836, 180, 403, 132, 162, 79, 166, 162, 90, 159, 63, 97, 88, 95, 86, 78, 77, 42, 177, 93, 54, 12, 9, 51, 60, 11, 38, 12, 69, 19, 140, 88, 57, 13, 7, 11, 56, 43, 104, 53, 61, 108, 97, 481, 44, 253, 322, 228, 60, 40, 49, 52, 46, 43, 48, 50, 42, 136, 41, 49, 38, 55, 47, 59, 38, 81, 61, 189, 58, 56, 52, 54, 45, 52, 40, 66, 61, 61, 83, 64, 61, 45, 54, 99, 246, 263, 117, 311, 267, 215, 297, 340, 258, 567, 310, 535, 201, 413, 530, 258, 115, 58, 59, 67, 100, 78, 82, 85, 112, 91, 46, 46, 83, 50, 52, 48, 91, 63, 38, 43, 91, 58, 54, 46, 89, 63, 45, 47, 90, 194, 58, 126, 58, 57, 61, 69, 60, 93, 65, 58, 157, 48, 94, 52, 39, 95, 60, 47, 92, 53, 52, 99, 65, 58, 145, 49, 86, 76, 42, 103, 48, 52, 99, 57, 61, 102, 62, 60, 60, 101, 57, 102, 98, 69, 61, 94, 60, 59, 96, 63, 44, 87, 155, 51]

Histogram Distribution : 
       Value     Percentile TotalCount 1/(1-Percentile)

       7.000 0.000000000000          1           1.00
      44.000 0.100000000000         57           1.11
      49.000 0.200000000000        108           1.25
      53.000 0.300000000000        151           1.43
      58.000 0.400000000000        209           1.67
      62.000 0.500000000000        254           2.00
      66.000 0.550000000000        276           2.22
      71.000 0.600000000000        301           2.50
      81.000 0.650000000000        328           2.86
      87.000 0.700000000000        350           3.33
      95.000 0.750000000000        377           4.00
      98.000 0.775000000000        389           4.44
     102.000 0.800000000000        402           5.00
     112.000 0.825000000000        414           5.71
     121.000 0.850000000000        426           6.67
     140.000 0.875000000000        438           8.00
     157.000 0.887500000000        444           8.89
     164.000 0.900000000000        450          10.00
     180.000 0.912500000000        457          11.43
     201.000 0.925000000000        463          13.33
     246.000 0.937500000000        469          16.00
     253.000 0.943750000000        472          17.78
     263.000 0.950000000000        475          20.00
     278.000 0.956250000000        479          22.86
     310.000 0.962500000000        482          26.67
     322.000 0.968750000000        485          32.00
     340.000 0.971875000000        486          35.56
     403.000 0.975000000000        488          40.00
     421.000 0.978125000000        490          45.71
     449.000 0.981250000000        491          53.33
     503.000 0.984375000000        493          64.00
     503.000 0.985937500000        493          71.11
     530.000 0.987500000000        494          80.00
     535.000 0.989062500000        495          91.43
     545.000 0.990625000000        496         106.67
     567.000 0.992187500000        497         128.00
     567.000 0.992968750000        497         142.22
     567.000 0.993750000000        497         160.00
     619.000 0.994531250000        498         182.86
     619.000 0.995312500000        498         213.33
     620.000 0.996093750000        499         256.00
     620.000 0.996484375000        499         284.44
     620.000 0.996875000000        499         320.00
     620.000 0.997265625000        499         365.71
     620.000 0.997656250000        499         426.67
     836.000 0.998046875000        500         512.00
     836.000 1.000000000000        500
#[Mean    =       93.502, StdDeviation   =       91.777]
#[Max     =      836.000, Total count    =          500]
#[Buckets =           20, SubBuckets     =         2048]

50th Percentile : 
62
90th Percentile : 
164
95th Percentile : 
263
99th Percentile : 
535
99.9th Percentile : 
836
99.99th Percentile : 
836
99.999th Percentile : 
836
