Recorded latencies [in milli seconds]:
Workload Type : workload_H
Request/ Invocation/ DB Operation Type : SL_deleteCourseById
Recorded completion times :
[59, 57, 53, 43, 35, 41, 42, 41, 42, 65, 55, 58, 57, 58, 50, 116, 44, 49, 46, 55, 49, 49, 49, 51, 59, 68, 57, 51, 49, 59, 61, 48, 48, 80, 48, 51, 48, 47, 45, 48, 57, 67, 77, 85, 78, 65, 63, 56, 45, 39, 48, 46, 46, 229, 54, 59, 90, 135, 85, 75, 103, 293, 245, 98, 48, 41, 94, 95, 90, 92, 81, 113, 92, 103, 88, 88, 98, 105, 123, 114, 115, 83, 308, 524, 471, 437, 422, 217, 508, 305, 298, 337, 646, 539, 354, 423, 138, 395, 352, 60, 55, 124, 48, 82, 90, 60, 58, 59, 50, 44, 46, 48, 48, 65, 31, 45, 40, 40, 54, 56, 57, 56, 50, 62, 57, 45, 46, 41, 45, 49, 46, 42, 42, 49, 48, 48, 94, 46, 63, 42, 49, 50, 45, 48, 47, 48, 57, 45, 50, 47, 35, 51, 57, 54, 42, 32, 50, 50, 45, 47, 46, 49, 46, 68, 49, 45, 47, 47, 62, 56, 60, 56, 59, 81, 89, 49, 49, 61, 34, 50, 47, 45, 46, 45, 48, 43, 60, 58, 58, 46, 49, 55, 49, 44, 93, 46, 51, 45, 50, 46, 61, 58, 56, 61, 59, 62, 63, 81, 48, 49, 48, 50, 93, 46, 48, 46, 50, 56, 56, 58, 62, 61, 58, 59, 43, 49, 46, 52, 47, 47, 40, 50, 93, 59, 83, 60, 61, 58, 54, 59, 42, 49, 47, 51, 52, 62, 43, 47, 48, 60, 52, 74, 61, 59, 57, 67, 46, 48, 37, 42, 31, 46, 47, 49, 46, 82, 59, 59, 58, 78, 103, 58, 55, 49, 48, 47, 50, 48, 49, 38, 57, 77, 59, 60, 58, 61, 54, 60, 60, 370, 38, 49, 46, 50, 39, 70, 48, 93, 59, 59, 63, 59, 52, 42, 32, 31, 32, 32, 39, 131, 157, 99, 98, 80, 47, 56, 92, 96, 48, 60, 93, 72, 60, 81, 47, 52, 47, 49, 50, 55, 46, 64, 74, 56, 92, 51, 49, 110, 105, 108, 115, 209, 74, 98, 123, 135, 144, 144, 123, 111, 121, 111, 138, 114, 74, 122, 127, 228, 111, 81, 84, 89, 105, 114, 80, 92, 99, 96, 112, 96, 74, 137, 199, 209, 214, 537, 480, 361, 313, 582, 201, 524, 474, 368, 255, 325, 96, 69, 79, 82, 71, 104, 123, 81, 96, 80, 108, 231, 133, 92, 112, 126, 258, 88, 101, 47, 58, 58, 61, 65, 72, 51, 49, 36, 40, 49, 101, 50, 65, 47, 50, 47, 49, 43, 53, 73, 54, 52, 51, 57, 38, 35, 39, 50, 48, 106, 51, 52, 61, 63, 64, 61, 61, 51, 48, 46, 42, 48, 41, 60, 61, 114, 51, 51, 68, 59, 55, 63, 62, 63, 58, 58, 31, 44, 50, 51, 48, 56, 48, 53, 34, 58, 52, 106, 60, 57, 61, 80, 32, 51, 51, 41, 37, 51, 48, 51, 49, 64, 62, 59, 50, 62, 117, 63, 61, 49, 51, 57, 40, 49]

Histogram Distribution : 
       Value     Percentile TotalCount 1/(1-Percentile)

      31.000 0.000000000000          4           1.00
      43.000 0.100000000000         50           1.11
      47.000 0.200000000000        107           1.25
      49.000 0.300000000000        166           1.43
      51.000 0.400000000000        205           1.67
      57.000 0.500000000000        253           2.00
      59.000 0.550000000000        289           2.22
      60.000 0.600000000000        302           2.50
      62.000 0.650000000000        325           2.86
      72.000 0.700000000000        351           3.33
      82.000 0.750000000000        377           4.00
      90.000 0.775000000000        390           4.44
      93.000 0.800000000000        401           5.00
      98.000 0.825000000000        413           5.71
     106.000 0.850000000000        426           6.67
     114.000 0.875000000000        439           8.00
     121.000 0.887500000000        444           8.89
     124.000 0.900000000000        450          10.00
     137.000 0.912500000000        457          11.43
     199.000 0.925000000000        463          13.33
     228.000 0.937500000000        469          16.00
     245.000 0.943750000000        472          17.78
     293.000 0.950000000000        475          20.00
     313.000 0.956250000000        479          22.86
     352.000 0.962500000000        482          26.67
     368.000 0.968750000000        485          32.00
     370.000 0.971875000000        486          35.56
     422.000 0.975000000000        488          40.00
     437.000 0.978125000000        490          45.71
     471.000 0.981250000000        491          53.33
     480.000 0.984375000000        493          64.00
     480.000 0.985937500000        493          71.11
     508.000 0.987500000000        494          80.00
     524.000 0.989062500000        496          91.43
     524.000 0.990625000000        496         106.67
     537.000 0.992187500000        497         128.00
     537.000 0.992968750000        497         142.22
     537.000 0.993750000000        497         160.00
     539.000 0.994531250000        498         182.86
     539.000 0.995312500000        498         213.33
     582.000 0.996093750000        499         256.00
     582.000 0.996484375000        499         284.44
     582.000 0.996875000000        499         320.00
     582.000 0.997265625000        499         365.71
     582.000 0.997656250000        499         426.67
     646.000 0.998046875000        500         512.00
     646.000 1.000000000000        500
#[Mean    =       85.528, StdDeviation   =       88.373]
#[Max     =      646.000, Total count    =          500]
#[Buckets =           20, SubBuckets     =         2048]

50th Percentile : 
57
90th Percentile : 
124
95th Percentile : 
293
99th Percentile : 
524
99.9th Percentile : 
646
99.99th Percentile : 
646
99.999th Percentile : 
646
