Recorded latencies [in milli seconds]:
Workload Type : workload_G
Request/ Invocation/ DB Operation Type : HTTP_update
Recorded completion times :
[330, 101, 63, 68, 72, 74, 73, 64, 115, 96, 59, 57, 85, 61, 54, 86, 84, 99, 57, 92, 73, 67, 52, 63, 59, 73, 87, 75, 67, 60, 114, 95, 62, 118, 83, 75, 85, 82, 58, 56, 78, 74, 63, 51, 105, 77, 83, 66, 70, 55, 65, 46, 45, 45, 98, 188, 78, 78, 83, 77, 94, 76, 91, 61, 57, 61, 75, 68, 93, 67, 57, 73, 63, 165, 75, 73, 79, 69, 110, 68, 70, 76, 64, 51, 77, 74, 58, 141, 78, 68, 78, 81, 79, 96, 57, 109, 80, 155, 85, 78, 69, 72, 85, 67, 67, 68, 71, 44, 48, 56, 39, 86, 82, 84, 53, 101, 73, 84, 97, 84, 165, 175, 246, 103, 79, 60, 156, 111, 76, 89, 75, 152, 57, 75, 78, 69, 77, 71, 76, 42, 57, 63, 70, 97, 129, 66, 52, 72, 98, 94, 87, 104, 87, 82, 83, 88, 92, 58, 66, 78, 102, 76, 68, 78, 76, 71, 59, 375, 77, 46, 102, 68, 94, 75, 117, 75, 84, 70, 77, 79, 42, 51, 72, 92, 74, 96, 64, 55, 84, 73, 70, 59, 90, 69, 75, 59, 55, 53, 99, 59, 57, 102, 55, 52, 103, 83, 60, 106, 76, 60, 60, 57, 55, 61, 97, 109, 51, 57, 71, 45, 49, 63, 76, 57, 69, 86, 81, 52, 59, 72, 80, 76, 87, 85, 67, 88, 82, 100, 77, 83, 85, 87, 85, 73, 54, 82, 60, 78, 108, 67, 45, 54, 77, 71, 75, 170, 72, 83, 47, 107, 76, 67, 136, 112, 137, 167, 81, 171, 133, 154, 169, 102, 160, 119, 134, 103, 114, 103, 95, 214, 99, 141, 143, 88, 127, 158, 127, 107, 186, 114, 166, 98, 79, 119, 180, 79, 107, 216, 185, 113, 143, 117, 136, 288, 272, 750, 346, 439, 388, 260, 293, 127, 195, 571, 347, 185, 83, 107, 117, 90, 68, 48, 55, 53, 95, 67, 69, 77, 64, 52, 68, 62, 73, 70, 118, 68, 58, 77, 68, 99, 65, 86, 115, 54, 59, 91, 70, 54, 51, 49, 40, 71, 100, 57, 317, 110, 111, 127, 51, 84, 77, 67, 73, 61, 86, 58, 91, 70, 51, 56, 166, 76, 65, 57, 71, 66, 93, 70, 54, 42, 45, 87, 49, 44, 85, 70, 67, 54, 66, 56, 41, 38, 106, 75, 64, 64, 62, 57, 85, 53, 60, 73, 55, 74, 85, 90, 119, 120, 165, 120, 162, 206, 135, 164, 110, 137, 86, 110, 122, 173, 104, 101, 113, 152, 158, 149, 89, 130, 85, 82, 215, 108, 153, 127, 106, 84, 111, 122, 96, 154, 90, 229, 97, 119, 107, 93, 136, 107, 89, 81, 114, 77, 104, 148, 154, 96, 100, 114, 109, 126, 145, 155, 166, 119, 102, 174, 152, 113, 137, 337, 193, 216, 414, 242, 313, 566, 542, 520, 273, 305, 293, 677, 191, 129, 145, 192, 86, 196]

Histogram Distribution : 
       Value     Percentile TotalCount 1/(1-Percentile)

      38.000 0.000000000000          1           1.00
      55.000 0.100000000000         52           1.11
      62.000 0.200000000000         98           1.25
      70.000 0.300000000000        156           1.43
      75.000 0.400000000000        196           1.67
      82.000 0.500000000000        247           2.00
      85.000 0.550000000000        274           2.22
      89.000 0.600000000000        293           2.50
      97.000 0.650000000000        321           2.86
     103.000 0.700000000000        343           3.33
     111.000 0.750000000000        368           4.00
     115.000 0.775000000000        379           4.44
     120.000 0.800000000000        391           5.00
     133.000 0.825000000000        403           5.71
     143.000 0.850000000000        415           6.67
     155.000 0.875000000000        428           8.00
     164.000 0.887500000000        434           8.89
     166.000 0.900000000000        440          10.00
     174.000 0.912500000000        446          11.43
     188.000 0.925000000000        452          13.33
     206.000 0.937500000000        458          16.00
     216.000 0.943750000000        462          17.78
     242.000 0.950000000000        464          20.00
     272.000 0.956250000000        467          22.86
     293.000 0.962500000000        471          26.67
     313.000 0.968750000000        473          32.00
     330.000 0.971875000000        475          35.56
     337.000 0.975000000000        476          40.00
     347.000 0.978125000000        478          45.71
     375.000 0.981250000000        479          53.33
     414.000 0.984375000000        481          64.00
     439.000 0.985937500000        482          71.11
     439.000 0.987500000000        482          80.00
     520.000 0.989062500000        483          91.43
     542.000 0.990625000000        484         106.67
     566.000 0.992187500000        485         128.00
     566.000 0.992968750000        485         142.22
     566.000 0.993750000000        485         160.00
     571.000 0.994531250000        486         182.86
     571.000 0.995312500000        486         213.33
     677.000 0.996093750000        487         256.00
     677.000 0.996484375000        487         284.44
     677.000 0.996875000000        487         320.00
     677.000 0.997265625000        487         365.71
     677.000 0.997656250000        487         426.67
     750.000 0.998046875000        488         512.00
     750.000 1.000000000000        488
#[Mean    =      105.307, StdDeviation   =       80.716]
#[Max     =      750.000, Total count    =          488]
#[Buckets =           20, SubBuckets     =         2048]

50th Percentile : 
82
90th Percentile : 
166
95th Percentile : 
242
99th Percentile : 
542
99.9th Percentile : 
750
99.99th Percentile : 
750
99.999th Percentile : 
750
