Recorded latencies [in milli seconds]:
Workload Type : workload_E
Request/ Invocation/ DB Operation Type : HTTP_delete
Recorded completion times :
[702, 95, 248, 261, 130, 332, 468, 532, 266, 439, 435, 459, 377, 440, 78, 82, 112, 89, 54, 50, 123, 105, 111, 90, 88, 91, 125, 101, 82, 126, 78, 53, 111, 99, 79, 68, 64, 115, 76, 71, 72, 62, 124, 79, 85, 64, 73, 115, 96, 115, 88, 126, 74, 68, 120, 79, 90, 159, 61, 80, 119, 81, 124, 122, 74, 57, 106, 61, 66, 108, 76, 66, 108, 80, 66, 74, 53, 92, 47, 44, 97, 69, 74, 103, 97, 88, 72, 122, 79, 64, 102, 61, 90, 116, 83, 232, 100, 158, 47, 85, 118, 134, 89, 125, 62, 62, 108, 94, 67, 115, 78, 82, 117, 68, 84, 124, 103, 106, 110, 126, 90, 64, 169, 89, 96, 76, 78, 113, 72, 74, 109, 70, 63, 97, 44, 78, 104, 68, 136, 106, 68, 78, 100, 78, 88, 127, 112, 139, 166, 265, 115, 131, 130, 56, 122, 71, 90, 108, 105, 60, 108, 91, 191, 104, 53, 81, 102, 63, 72, 193, 105, 85, 89, 150, 68, 72, 142, 61, 78, 133, 151, 133, 139, 71, 81, 114, 132, 124, 112, 69, 61, 113, 83, 58, 112, 71, 80, 119, 82, 60, 112, 91, 78, 132, 75, 86, 144, 66, 78, 132, 68, 88, 343, 92, 76, 136, 70, 65, 110, 77, 68, 123, 103, 109, 76, 115, 111, 89, 61, 118, 77, 82, 82, 130, 153, 88, 114, 115, 81, 107, 84, 97, 227, 138, 59, 87, 59, 44, 98, 167, 87, 105, 46, 86, 187, 67, 65, 134, 71, 86, 272, 129, 110, 122, 89, 80, 112, 77, 84, 123, 68, 118, 142, 96, 78, 153, 143, 76, 114, 135, 77, 87, 46, 46, 85, 36, 44, 120, 76, 51, 101, 53, 45, 92, 53, 47, 94, 48, 48, 101, 42, 57, 96, 47, 48, 86, 189, 49, 87, 42, 45, 88, 46, 45, 84, 93, 46, 119, 135, 46, 89, 55, 84, 80, 48, 89, 131, 159, 100, 97, 47, 47, 98, 67, 45, 152, 604, 67, 85, 37, 45, 87, 49, 45, 85, 47, 44, 85, 37, 45, 86, 59, 45, 92, 77, 55, 96, 49, 55, 100, 60, 51, 90, 64, 74, 100, 55, 47, 98, 46, 45, 111, 191, 83, 92, 48, 111, 97, 47, 86, 93, 89, 84, 91, 109, 161, 138, 102, 128, 184, 159, 187, 178, 160, 106, 167, 195, 311, 181, 114, 133, 178, 194, 197, 209, 138, 155, 168, 186, 155, 265, 130, 174, 204, 146, 239, 240, 135, 143, 200, 135, 111, 180, 185, 139, 262, 255, 138, 214, 164, 612, 615, 855, 540, 604, 501, 933, 1075, 313, 315, 192, 242, 118, 198, 200, 268, 302, 284, 101, 239, 360, 114, 153, 140, 123, 124, 161, 188, 205, 111, 43, 58, 39, 209, 68, 15, 41, 36, 13, 8, 185, 11, 11, 10, 19, 42, 49, 25, 29, 17, 24, 138, 47, 22, 31, 18, 70, 112, 19, 15, 73]

Histogram Distribution : 
       Value     Percentile TotalCount 1/(1-Percentile)

       8.000 0.000000000000          1           1.00
      47.000 0.100000000000         57           1.11
      62.000 0.200000000000         99           1.25
      74.000 0.300000000000        149           1.43
      84.000 0.400000000000        201           1.67
      92.000 0.500000000000        250           2.00
     100.000 0.550000000000        275           2.22
     106.000 0.600000000000        295           2.50
     112.000 0.650000000000        321           2.86
     119.000 0.700000000000        344           3.33
     130.000 0.750000000000        371           4.00
     134.000 0.775000000000        381           4.44
     139.000 0.800000000000        395           5.00
     153.000 0.825000000000        408           5.71
     164.000 0.850000000000        418           6.67
     185.000 0.875000000000        431           8.00
     189.000 0.887500000000        436           8.89
     195.000 0.900000000000        442          10.00
     209.000 0.912500000000        450          11.43
     239.000 0.925000000000        455          13.33
     262.000 0.937500000000        461          16.00
     266.000 0.943750000000        464          17.78
     284.000 0.950000000000        467          20.00
     313.000 0.956250000000        470          22.86
     343.000 0.962500000000        473          26.67
     435.000 0.968750000000        476          32.00
     440.000 0.971875000000        478          35.56
     459.000 0.975000000000        479          40.00
     501.000 0.978125000000        481          45.71
     532.000 0.981250000000        482          53.33
     604.000 0.984375000000        485          64.00
     604.000 0.985937500000        485          71.11
     604.000 0.987500000000        485          80.00
     612.000 0.989062500000        486          91.43
     615.000 0.990625000000        487         106.67
     702.000 0.992187500000        488         128.00
     702.000 0.992968750000        488         142.22
     702.000 0.993750000000        488         160.00
     855.000 0.994531250000        489         182.86
     855.000 0.995312500000        489         213.33
     933.000 0.996093750000        490         256.00
     933.000 0.996484375000        490         284.44
     933.000 0.996875000000        490         320.00
     933.000 0.997265625000        490         365.71
     933.000 0.997656250000        490         426.67
    1075.000 0.998046875000        491         512.00
    1075.000 1.000000000000        491
#[Mean    =      120.589, StdDeviation   =      111.937]
#[Max     =     1075.000, Total count    =          491]
#[Buckets =           20, SubBuckets     =         2048]

50th Percentile : 
92
90th Percentile : 
195
95th Percentile : 
284
99th Percentile : 
615
99.9th Percentile : 
1075
99.99th Percentile : 
1075
99.999th Percentile : 
1075
