Recorded latencies [in milli seconds]:
Workload Type : workload_H
Request/ Invocation/ DB Operation Type : SL_saveCourse
Recorded completion times :
[136, 113, 59, 47, 50, 88, 59, 49, 81, 60, 68, 61, 110, 69, 57, 157, 64, 99, 57, 69, 48, 43, 50, 93, 59, 52, 55, 88, 57, 51, 92, 66, 50, 54, 63, 99, 59, 50, 87, 65, 78, 45, 94, 70, 54, 105, 59, 67, 63, 64, 149, 72, 55, 77, 70, 65, 120, 47, 61, 45, 86, 103, 61, 58, 61, 63, 83, 64, 48, 97, 51, 61, 91, 67, 52, 40, 86, 61, 56, 50, 96, 64, 64, 101, 73, 56, 55, 100, 70, 53, 101, 344, 57, 94, 60, 57, 87, 56, 50, 94, 52, 44, 92, 51, 42, 92, 53, 50, 99, 57, 53, 118, 63, 82, 106, 63, 66, 143, 63, 65, 53, 99, 61, 63, 63, 102, 63, 69, 58, 51, 104, 49, 50, 95, 55, 50, 92, 52, 42, 94, 52, 40, 83, 52, 49, 92, 66, 50, 124, 56, 61, 100, 126, 60, 106, 66, 63, 105, 64, 62, 62, 111, 67, 172, 108, 64, 83, 89, 183, 49, 96, 57, 45, 83, 183, 53, 93, 63, 52, 94, 55, 51, 87, 46, 61, 39, 82, 73, 63, 104, 69, 52, 97, 138, 72, 101, 66, 63, 121, 74, 54, 122, 70, 50, 88, 49, 42, 63, 94, 65, 53, 94, 65, 53, 93, 63, 41, 95, 58, 48, 94, 66, 76, 95, 78, 53, 107, 75, 65, 101, 61, 58, 97, 202, 65, 105, 119, 65, 111, 63, 43, 46, 96, 96, 51, 91, 64, 52, 95, 52, 50, 93, 54, 39, 88, 60, 44, 93, 73, 53, 87, 60, 65, 100, 67, 63, 104, 194, 65, 94, 67, 65, 96, 44, 51, 94, 89, 52, 97, 52, 56, 54, 84, 55, 47, 98, 54, 41, 90, 51, 48, 96, 54, 55, 56, 89, 58, 56, 95, 89, 50, 50, 99, 68, 66, 104, 135, 57, 95, 49, 41, 96, 62, 47, 86, 58, 76, 274, 65, 44, 82, 187, 55, 91, 49, 48, 92, 85, 40, 85, 63, 51, 85, 168, 65, 91, 49, 53, 108, 68, 65, 109, 64, 63, 145, 56, 52, 94, 55, 44, 85, 56, 42, 94, 52, 43, 97, 57, 49, 83, 46, 43, 95, 69, 49, 142, 81, 95, 175, 228, 331, 267, 94, 147, 136, 184, 191, 95, 167, 69, 89, 147, 79, 124, 243, 93, 85, 127, 111, 91, 135, 87, 84, 270, 92, 90, 133, 101, 111, 145, 99, 235, 139, 93, 74, 447, 329, 98, 124, 118, 93, 140, 141, 418, 546, 232, 727, 230, 234, 168, 128, 186, 245, 496, 482, 418, 467, 215, 129, 206, 254, 84, 167, 869, 172, 381, 81, 62, 79, 96, 62, 81, 55, 292, 151, 41, 43, 42, 79, 55, 59, 311, 63, 57, 57, 102, 61, 58, 57, 47, 46, 46, 59, 59, 65, 49, 52, 58, 42, 59, 45, 55, 55, 66, 44, 48, 47, 43, 47, 54, 43, 48, 51, 69, 61, 76, 67, 65, 55, 59, 51, 56, 57, 93, 71, 58, 53, 60, 45, 57]

Histogram Distribution : 
       Value     Percentile TotalCount 1/(1-Percentile)

      39.000 0.000000000000          2           1.00
      48.000 0.100000000000         52           1.11
      52.000 0.200000000000        103           1.25
      57.000 0.300000000000        160           1.43
      62.000 0.400000000000        202           1.67
      66.000 0.500000000000        255           2.00
      70.000 0.550000000000        275           2.22
      82.000 0.600000000000        300           2.50
      88.000 0.650000000000        325           2.86
      93.000 0.700000000000        353           3.33
      95.000 0.750000000000        375           4.00
      97.000 0.775000000000        388           4.44
     101.000 0.800000000000        404           5.00
     105.000 0.825000000000        414           5.71
     111.000 0.850000000000        425           6.67
     128.000 0.875000000000        438           8.00
     136.000 0.887500000000        444           8.89
     143.000 0.900000000000        450          10.00
     157.000 0.912500000000        457          11.43
     172.000 0.925000000000        463          13.33
     187.000 0.937500000000        469          16.00
     202.000 0.943750000000        472          17.78
     228.000 0.950000000000        475          20.00
     235.000 0.956250000000        479          22.86
     254.000 0.962500000000        482          26.67
     274.000 0.968750000000        485          32.00
     292.000 0.971875000000        486          35.56
     329.000 0.975000000000        488          40.00
     344.000 0.978125000000        490          45.71
     381.000 0.981250000000        491          53.33
     418.000 0.984375000000        493          64.00
     418.000 0.985937500000        493          71.11
     447.000 0.987500000000        494          80.00
     467.000 0.989062500000        495          91.43
     482.000 0.990625000000        496         106.67
     496.000 0.992187500000        497         128.00
     496.000 0.992968750000        497         142.22
     496.000 0.993750000000        497         160.00
     546.000 0.994531250000        498         182.86
     546.000 0.995312500000        498         213.33
     727.000 0.996093750000        499         256.00
     727.000 0.996484375000        499         284.44
     727.000 0.996875000000        499         320.00
     727.000 0.997265625000        499         365.71
     727.000 0.997656250000        499         426.67
     869.000 0.998046875000        500         512.00
     869.000 1.000000000000        500
#[Mean    =       92.110, StdDeviation   =       80.241]
#[Max     =      869.000, Total count    =          500]
#[Buckets =           20, SubBuckets     =         2048]

50th Percentile : 
66
90th Percentile : 
143
95th Percentile : 
228
99th Percentile : 
467
99.9th Percentile : 
869
99.99th Percentile : 
869
99.999th Percentile : 
869
