Recorded latencies [in milli seconds]:
Workload Type : workload_A
Request/ Invocation/ DB Operation Type : SL_saveCourse
Recorded completion times :
[781, 131, 76, 77, 77, 95, 102, 100, 61, 66, 534, 102, 70, 82, 56, 87, 59, 66, 60, 95, 71, 69, 81, 92, 94, 191, 78, 121, 91, 99, 64, 106, 63, 91, 95, 99, 95, 86, 136, 88, 73, 87, 79, 101, 208, 104, 71, 51, 66, 100, 78, 57, 80, 91, 68, 34, 39, 116, 55, 70, 97, 72, 79, 85, 54, 45, 69, 64, 63, 95, 114, 73, 58, 118, 71, 98, 75, 69, 47, 42, 45, 72, 78, 106, 104, 57, 52, 53, 57, 56, 58, 50, 69, 45, 97, 60, 42, 36, 101, 53, 44, 47, 161, 78, 61, 62, 71, 62, 70, 103, 65, 62, 70, 96, 63, 157, 73, 54, 44, 87, 57, 124, 54, 48, 54, 51, 59, 251, 58, 40, 39, 82, 52, 50, 91, 66, 56, 49, 70, 56, 94, 82, 66, 64, 60, 56, 55, 110, 74, 66, 58, 61, 56, 64, 64, 65, 53, 60, 54, 62, 54, 35, 90, 71, 57, 63, 100, 62, 48, 54, 54, 42, 38, 85, 56, 55, 62, 62, 63, 58, 68, 72, 63, 61, 64, 64, 64, 87, 59, 64, 84, 87, 45, 85, 36, 43, 95, 38, 38, 84, 51, 156, 121, 50, 87, 59, 40, 43, 82, 63, 49, 48, 74, 58, 95, 62, 58, 62, 65, 59, 62, 103, 69, 57, 59, 58, 58, 91, 60, 56, 58, 87, 57, 61, 48, 105, 49, 45, 93, 58, 57, 46, 63, 54, 69, 87, 57, 184, 58, 57, 49, 51, 61, 99, 52, 73, 52, 96, 60, 59, 107, 66, 57, 98, 62, 54, 105, 49, 43, 36, 85, 57, 52, 45, 46, 50, 93, 53, 54, 58, 42, 92, 57, 63, 94, 56, 65, 89, 76, 70, 60, 65, 60, 101, 60, 59, 68, 92, 66, 61, 160, 79, 201, 56, 101, 49, 161, 46, 47, 47, 84, 35, 38, 83, 143, 47, 90, 43, 77, 401, 40, 38, 88, 39, 131, 50, 84, 95, 59, 65, 57, 98, 69, 55, 104, 63, 59, 91, 130, 74, 96, 50, 44, 89, 53, 54, 89, 49, 37, 95, 113, 50, 48, 91, 78, 62, 48, 94, 59, 50, 42, 77, 147, 53, 82, 59, 96, 63, 58, 97, 46, 48, 237, 176, 47, 58, 80, 130, 66, 38, 110, 124, 134, 80, 106, 198, 152, 215, 134, 146, 102, 133, 444, 63, 55, 153, 207, 71, 182, 105, 91, 120, 99, 82, 133, 74, 74, 171, 101, 85, 126, 105, 77, 111, 79, 84, 107, 75, 116, 121, 96, 69, 187, 103, 90, 171, 86, 80, 102, 169, 293, 321, 327, 697, 535, 619, 328, 84, 167, 230, 161, 142, 142, 89, 208, 88, 107, 133, 231, 91, 85, 83, 50, 53, 86, 53, 64, 128, 117, 67, 103, 70, 50, 104, 90, 61, 56, 5, 183, 74, 333, 56, 49, 42, 86, 249, 41, 238, 42, 40, 49, 42, 51, 43, 42, 54, 46, 56, 54, 57, 48, 64, 47, 71, 59, 52, 56, 60, 59, 61]

Histogram Distribution : 
       Value     Percentile TotalCount 1/(1-Percentile)

       5.000 0.000000000000          1           1.00
      46.000 0.100000000000         50           1.11
      53.000 0.200000000000        103           1.25
      57.000 0.300000000000        151           1.43
      62.000 0.400000000000        211           1.67
      67.000 0.500000000000        250           2.00
      71.000 0.550000000000        275           2.22
      78.000 0.600000000000        302           2.50
      84.000 0.650000000000        325           2.86
      89.000 0.700000000000        350           3.33
      95.000 0.750000000000        381           4.00
      97.000 0.775000000000        389           4.44
     101.000 0.800000000000        404           5.00
     104.000 0.825000000000        416           5.71
     107.000 0.850000000000        426           6.67
     121.000 0.875000000000        439           8.00
     130.000 0.887500000000        445           8.89
     133.000 0.900000000000        450          10.00
     146.000 0.912500000000        457          11.43
     160.000 0.925000000000        463          13.33
     171.000 0.937500000000        470          16.00
     182.000 0.943750000000        472          17.78
     187.000 0.950000000000        475          20.00
     207.000 0.956250000000        479          22.86
     215.000 0.962500000000        482          26.67
     237.000 0.968750000000        485          32.00
     238.000 0.971875000000        486          35.56
     251.000 0.975000000000        488          40.00
     321.000 0.978125000000        490          45.71
     327.000 0.981250000000        491          53.33
     333.000 0.984375000000        493          64.00
     333.000 0.985937500000        493          71.11
     401.000 0.987500000000        494          80.00
     444.000 0.989062500000        495          91.43
     534.000 0.990625000000        496         106.67
     535.000 0.992187500000        497         128.00
     535.000 0.992968750000        497         142.22
     535.000 0.993750000000        497         160.00
     619.000 0.994531250000        498         182.86
     619.000 0.995312500000        498         213.33
     697.000 0.996093750000        499         256.00
     697.000 0.996484375000        499         284.44
     697.000 0.996875000000        499         320.00
     697.000 0.997265625000        499         365.71
     697.000 0.997656250000        499         426.67
     781.000 0.998046875000        500         512.00
     781.000 1.000000000000        500
#[Mean    =       88.154, StdDeviation   =       74.252]
#[Max     =      781.000, Total count    =          500]
#[Buckets =           20, SubBuckets     =         2048]

50th Percentile : 
67
90th Percentile : 
133
95th Percentile : 
187
99th Percentile : 
444
99.9th Percentile : 
781
99.99th Percentile : 
781
99.999th Percentile : 
781
